2706.8 2488.5 2731.98 2523.56 64 0.323925 
1197.54 1966.65 1216.28 2012.94 38 0.849404 
1802.01 2526.95 1850.74 2543.7 38 0.378334 
1693.32 2780.49 1719.21 2811.14 38 0.345887 
2368.6 1537.18 2391.07 1578.83 38 0.330321 
2446 1694.4 2479.04 1718.47 38 0.343098 
2302.57 1442.6 2334.48 1495.23 38 0.348407 
2350.79 1537.13 2380 1585.06 38 0.36455 
2166.48 2492.88 2219.53 2516.39 38 0.383936 
1589.14 2683.58 1607.8 2708.37 19 0.356378 
2563.72 2420.61 2590.48 2437.36 19 0.334266 
1534.72 2706.42 1552.65 2733.12 19 0.322314 
1464.89 2700.89 1482.74 2725.01 19 0.370003 
2847.52 2908.04 2866.54 2927.94 66 0.420108 
1203.65 2163.9 1216.02 2180.97 66 0.334599 
1314.57 2513.5 1350.14 2538 66 0.365721 
890.183 2422.24 910.445 2439.22 66 0.359613 
1093.22 2204.32 1110.56 2224.71 66 0.340106 
1195.44 2159.12 1217.16 2184 66 0.335197 
731.794 2595.5 749.652 2615.92 66 0.322348 
2375.6 1134.46 2396.81 1148.55 53 0.365836 
976.721 2710.64 994.378 2728.98 53 0.315323 
1696.07 1103.39 1713.42 1115.92 53 0.327052 
1596.15 1936.23 1611.71 1948.93 53 0.300254 
1870.05 733.174 1891.13 745.974 27 0.549673 
1988.37 673.101 2032.84 708.976 27 0.322059 
1961.97 676.944 1980.51 690.299 27 0.601927 
2389.02 793.806 2433.08 827.864 27 0.331618 
2281.39 1301.19 2329.16 1333.44 27 0.312288 
1943.21 668.607 1963.35 681.962 27 0.613631 
1844.64 1582.94 1888.86 1615.49 27 0.317734 
1944.68 653.628 1965.21 666.495 27 0.40176 
1870.41 741.73 1890.78 754.09 27 0.62928 
1079.12 2854.93 1134.13 2903.43 27 0.408834 
2244.73 713.225 2289.34 747.39 27 0.334959 
2044.42 1332.25 2090.41 1365.25 27 0.351572 
2112.7 2285.64 2159.24 2321.49 27 0.410002 
2236.2 787.064 2280.44 823.151 27 0.332293 
2434.57 1806.44 2481.51 1841.11 27 0.335724 
1944.5 662.259 1963.98 675.454 27 0.561662 
1835.74 1653.11 1879.68 1687.96 27 0.419743 
2163.86 2283.85 2208.95 2319.32 27 0.378895 
1746.5 1369.8 1758.01 1389.79 27 0.452731 
1794.54 1582.17 1812.57 1595.21 27 0.36669 
2005.24 762.89 2049.94 796.104 27 0.299167 
1941.04 677.121 1962.26 689.761 27 0.69083 
1794.66 1144.63 1838.92 1180.8 27 0.379045 
2267.64 2141.83 2313.85 2175.7 27 0.339212 
1793.11 1589.67 1812.73 1603.25 27 0.407443 
1965.4 654.522 1984.01 665.345 27 0.450241 
1352.74 2676.26 1375.79 2700.21 27 0.320468 
1771.97 1596.9 1792.74 1610.14 27 0.367496 
2299.63 2275.99 2343.57 2311.5 27 0.455195 
2488.56 819.52 2511.49 839.123 27 0.303761 
1964.76 661.449 1983.61 673.966 27 0.514067 
2129.82 772.405 2147.25 784.426 27 0.360619 
1401.03 2730.87 1431.68 2768.5 25 0.505523 
1447.78 2700.44 1481.25 2732.46 25 0.642228 
2242.38 1601.05 2288.46 1626.77 25 0.319073 
2279.06 1307.95 2332.2 1325.7 25 0.369848 
2419.79 1220.44 2466.58 1239.56 25 0.313974 
1928.68 2116.08 1977.88 2141.42 25 0.441959 
1636.2 2690.73 1659.76 2731.49 25 0.33207 
1414.75 2727.59 1442 2763.39 25 0.493229 
1995.76 2300.35 2028.28 2338.44 25 0.337784 
2773.72 1197.68 2818.01 1226.84 25 0.323498 
1841.82 1585.35 1891.29 1603.51 25 0.346858 
1366.29 2749.24 1393.6 2786.2 25 0.353219 
1528.61 2653.2 1556.51 2688.85 25 0.550965 
1494.87 2681.95 1523.43 2706.9 25 0.387297 
1990.45 2302.32 2010.42 2347.12 25 0.348411 
2294.54 935.967 2337.82 956.133 25 0.307768 
2110.55 2293.81 2163.91 2331.99 25 0.304024 
2240.41 703.012 2293.81 746.362 25 0.310732 
1842.25 1594.29 1888.55 1618.32 25 0.382272 
1463.41 2700.73 1486.07 2725.4 25 0.345397 
1433.09 2722.3 1457.1 2762.08 25 0.328003 
1843.45 830.086 1886.99 854.723 25 0.312066 
1923.95 1751.55 1974.18 1786.92 25 0.305776 
1545.2 2650.65 1572.95 2688.04 25 0.519015 
2457.3 1534.42 2501.03 1561.78 25 0.462412 
2249.54 964.713 2299.33 982.423 25 0.431765 
2734.93 2129.59 2754.78 2175.72 25 0.301129 
2369.99 1817.45 2420.45 1842.8 25 0.333863 
2249.65 693.689 2294.3 719.563 25 0.304931 
2418.89 1239.63 2466.01 1265.58 25 0.468847 
1517.6 2652.69 1543.36 2687.21 25 0.350365 
1435.75 2690.36 1484.83 2746.72 25 0.493477 
2387.9 790.388 2432.71 818.065 25 0.313448 
1437.31 2701.3 1465.59 2729.86 25 0.468888 
1742.88 2304.45 1762.34 2349.15 25 0.427216 
1562.48 2648.16 1589.88 2683.98 25 0.407397 
1619.32 2725.69 1648.68 2760.08 25 0.391832 
1556.07 2707.75 1579.61 2745.96 25 0.303538 
1535.08 2706.37 1560.21 2742.14 25 0.344685 
1985.69 654.546 2035.76 680.304 25 0.388613 
2335.71 808.055 2391.08 831.216 25 0.458205 
1184.87 2449.7 1220.17 2504.08 25 0.346781 
2510.08 825.395 2560.3 850.155 25 0.428968 
1625.18 2715.5 1657.67 2751.33 25 0.393782 
1484.76 2660.81 1532.29 2714.75 25 0.349879 
1503.23 2577.68 1546.8 2599.46 25 0.333092 
2082.85 765.124 2129.99 791.236 25 0.468332 
2391.27 1144.47 2447.31 1168.23 25 0.376979 
2377.59 1214.22 2424.48 1236.5 25 0.361421 
2001.06 773.982 2052.3 797.242 25 0.485989 
1384.76 2741.47 1418.19 2782.22 25 0.453618 
2504.27 2247.52 2548.76 2279.12 25 0.299108 
395.989 2051.93 428.155 2119.47 25 0.379227 
2308.41 1446.6 2345.33 1503.63 25 0.424251 
2163.76 891.903 2191.79 916.896 12 0.586399 
3029.98 1590.94 3074.98 1621.74 12 0.676899 
2080.96 777.336 2132.18 806.781 35 0.305533 
1176.98 2085.27 1209.45 2125.36 35 0.767047 
1193.64 1969.85 1215.97 1998.21 35 0.313815 
1191.93 2009.01 1212.24 2052.13 35 0.649208 
1963.57 730.039 2006.71 751.48 35 0.327969 
2084.7 764.601 2129.13 783.771 35 0.314745 
1680.85 2875.47 1699.74 2898.34 35 0.497476 
2587.58 2492.2 2631.86 2513.43 35 0.383747 
2044.85 762.601 2098.95 789.39 35 0.381461 
2559.91 824.163 2595.38 852.401 35 0.606345 
1181.77 2054.08 1202.82 2091.16 35 0.803176 
1457.64 2341.84 1495.71 2358.64 35 0.906521 
2101.78 747.722 2135.49 769.061 35 0.412404 
2085.08 762.945 2134.33 792.301 37 0.418498 
1732.64 735.789 1756.98 759.86 37 0.423474 
2092.27 746.879 2134.89 776.759 37 0.4517 
2394.11 1534.92 2437.28 1554.98 37 0.361584 
2644.7 825.236 2668.22 841.528 37 0.310735 
1663.13 1589.75 1685.69 1631.99 33 0.640824 
1080.39 2664.86 1090.27 2678.88 33 0.540215 
1193.19 1966.4 1227.02 2016.09 33 0.366305 
1847.72 964.595 1881.8 1028.66 33 0.330249 
1817.89 1447.33 1829.37 1462.64 33 0.360235 
2077.7 670.214 2108.61 726.912 33 0.427585 
1944.77 978.773 1977.32 1046.03 33 0.32605 
1648.9 864.793 1696.23 890.921 33 0.402139 
2303.01 1444 2340.78 1498.7 33 0.325728 
1999.91 1068.54 2034.24 1133.49 33 0.313788 
1885.58 837.017 1922.84 864.573 33 0.310599 
2976.45 1184.42 3011.46 1255.68 33 0.590898 
1500.83 1460.74 1580.54 1573.77 79 0.337466 
2824.79 2722.97 2945.89 2859.82 79 0.48472 
2790.54 575.168 2917.76 676.806 52 0.388591 
2876.71 579.85 2981.03 692.345 52 0.471722 
1748.46 1871.65 1854.13 1951.95 52 0.330751 
2397.92 604.038 2465.36 702.112 55 0.424547 
2268.33 573.715 2357.17 671.713 55 0.558707 
2386.54 532.377 2471.49 669.123 55 0.466454 
2766.25 608.327 2875.68 706.729 55 0.670616 
2870.4 606.351 2973.39 711.109 55 0.519834 
2358.29 683.144 2435.18 762.51 55 0.393691 
2346.19 940.082 2391.62 971.076 32 0.401335 
2245.04 937.91 2285.45 959.02 32 0.3282 
2387.85 1329.48 2434.94 1347.55 32 0.349188 
1542.07 2564.48 1600.65 2587.91 32 0.301997 
3054.95 1117.29 3089.04 1192.13 32 0.319263 
1855.75 972.871 1890.44 1050.53 32 0.322237 
1555.5 1038.93 1586.97 1095.48 32 0.426185 
1690.42 1162.36 1728.01 1193.26 32 0.313438 
1945.92 2221.35 1991.7 2255.38 32 0.313614 
1530.28 127.496 1615.09 171.666 44 0.317188 
1814.15 2074.1 1852.02 2130.45 44 0.305109 
1586.11 243.204 1624.31 276.337 44 0.300113 
1751.53 1884.67 1850.7 1953.02 44 0.478613 
1699.9 1946.97 1746.04 1985.09 44 0.307127 
1674.28 1932.52 1767.14 2003.16 44 0.390794 
1788.14 1900.71 1822.16 1933.74 44 0.400511 
1935.52 2321.51 1958 2362.77 28 0.360322 
1871.78 980.444 1890.92 1025.53 28 0.623747 
1974.45 2305.8 1994.97 2347.51 28 0.436601 
2594.3 1217.98 2623.85 1287.82 28 0.339016 
3022.08 715.034 3042.06 762.294 28 0.537963 
1792.22 965.61 1812.13 1012.04 28 0.465719 
3007.62 1110.6 3039.89 1185.9 28 0.4249 
1983.09 2302.83 2003.04 2347.55 28 0.520092 
2305.12 1449.23 2338.28 1500.38 28 0.372127 
1488.91 1478.8 1507.84 1519.97 28 0.5431 
2386.03 1328.23 2434.67 1345.65 28 0.328682 
2245.49 951.565 2299.25 985.666 28 0.36872 
1530.37 2573.38 1593.55 2602.51 28 0.350899 
1776.22 954.49 1810.2 1022.04 28 0.432524 
434.868 299.838 457.906 335.328 28 0.428951 
386.491 338.778 408.588 374.204 28 0.33139 
1529.87 2589.89 1594.69 2613.62 28 0.363876 
1427.35 2706.84 1460.78 2764.46 28 0.602196 
1863.84 981.698 1882.97 1026.74 28 0.564551 
1555.11 2648.46 1580.22 2686.25 28 0.350937 
2729.49 2124.96 2760.01 2179.4 28 0.31862 
1521.79 2661.76 1546.46 2697.77 28 0.318345 
1728.78 2306.65 1756.4 2351.42 28 0.404785 
1856.94 968.699 1890.08 1039.51 28 0.542638 
1631.34 2686.14 1664.21 2735.84 28 0.377934 
1969.51 2046.37 2017.76 2062.73 28 0.30026 
1538.57 2566.77 1590.31 2584.74 28 0.433185 
1883.11 972.919 1912.68 1028.28 28 0.322017 
1410.23 2715.29 1442.75 2770.53 28 0.416038 
2426.53 829.381 2452.29 850.534 91 0.415516 
2083.48 784.533 2130.67 802.809 91 0.356471 
2239.66 1609.45 2292.9 1627.14 91 0.301035 
2358.93 868.553 2407.74 887.199 91 0.461733 
2488.36 745.121 2536.47 764.668 91 0.39701 
1731.59 739.135 1754.71 757.716 91 0.422163 
1665.35 1590.92 1684.53 1634.85 91 0.51783 
2682.41 1267.21 2706.62 1283.93 91 0.318801 
2441.94 728.592 2491.75 746.68 91 0.399045 
2551.62 1902.42 2604.53 1919.94 91 0.530257 
2277.5 1302.73 2330.28 1334.58 91 0.314298 
1890.71 741.082 1933.52 760.431 91 0.413473 
2591.31 1447.02 2619.03 1489.27 91 0.364234 
2723.83 1246.63 2768.19 1277.35 91 0.333344 
2515.62 828.992 2556.52 851.34 91 0.356675 
2858.96 1680.14 2883.66 1697.06 91 0.369366 
2237.81 1107.13 2287.18 1126.13 91 0.372309 
1842.17 1582.39 1891.07 1601.66 91 0.354736 
1840.51 834.01 1891.89 852.028 91 0.435957 
2084.7 768.226 2130.26 787.235 91 0.400675 
2291.26 1116.58 2338.55 1135.84 91 0.360341 
2770.16 1096.71 2794.41 1114.11 91 0.374751 
1840.74 1596.46 1891.56 1614.84 91 0.300395 
2318.53 819.111 2339.42 832.673 91 0.341621 
2496.36 1223.62 2543.01 1251.3 91 0.370663 
2599.17 834.893 2650.71 852.411 91 0.423845 
1703.97 1545.49 1749.99 1571.96 91 0.407007 
1573.43 1207.91 1614.69 1227.38 91 0.438041 
1807.81 2180.82 1854.84 2202.05 91 0.464177 
2242.61 1618.32 2287.58 1644.27 91 0.37317 
2417.66 1248.66 2467.87 1267.2 91 0.349775 
2048.47 760.611 2094.34 778.851 91 0.320585 
2554.58 1805.44 2577.3 1825.7 91 0.357795 
2505.04 2244.69 2552.68 2265.37 91 0.315193 
2155.23 1386.28 2202.97 1408.28 91 0.616041 
2386.33 793.839 2435.36 814.397 91 0.646956 
2340.03 810.882 2387.15 828.916 91 0.44544 
2385.53 811.482 2434.14 828.658 91 0.516094 
2493.02 796.995 2514.95 811.205 91 0.349264 
2042.69 1360.34 2091.12 1378.9 91 0.342988 
2481.7 885.213 2506.37 902.893 91 0.464224 
1976.94 1408.36 2025.66 1428.79 91 0.433315 
1945.82 1192.64 1992.71 1210.85 91 0.319469 
2751.65 1087.46 2773.15 1100.13 91 0.378292 
2488.9 828.058 2510.15 841.578 91 0.520897 
2037.52 831.814 2061.1 851.667 91 0.313871 
2513.36 798.779 2534.69 811.748 91 0.355403 
2454.23 1539.51 2504.14 1558.87 91 0.36121 
2081.27 2349.67 2127.55 2368.49 91 0.319861 
1841.21 1169.41 1889.41 1193.16 91 0.434726 
2699.92 1182.15 2722.95 1195.11 91 0.449446 
2519.65 1398.24 2567.44 1418.98 91 0.721748 
2599.97 818.254 2651.48 838.068 91 0.326047 
2521.1 1342.78 2541.01 1355.72 91 0.358678 
1180.53 2443.47 1214.02 2502.16 91 0.339188 
1791.77 1168.67 1837.83 1187.17 91 0.349717 
1900.45 676.379 1921.2 690.609 91 0.330539 
2435.3 795.002 2457.28 816.085 91 0.341834 
2265.71 2155.51 2314.96 2173.68 91 0.551972 
2256.12 2285.86 2305.26 2305.12 91 0.342088 
1928.66 1767.6 1973.09 1785.4 91 0.337987 
2381.19 2235.49 2425.98 2254.73 91 0.472948 
1841.72 643.93 1889.79 671.191 91 0.338791 
2107.61 2196.1 2154.75 2217.79 91 0.606057 
2626.7 984.928 2673.4 1005.85 91 0.318626 
2960.47 1674.3 3005.7 1693.59 91 0.60787 
2264.61 2140.35 2315.41 2159.17 91 0.54273 
2568.11 908.059 2590.23 921.032 91 0.410879 
2375.65 1460.53 2423.5 1479.28 91 0.412591 
2001.06 1778.39 2046.97 1799.52 91 0.437732 
2042.73 1337.49 2091.32 1358.1 91 0.499959 
1887.53 762.625 1936.7 780.404 91 0.413036 
2180.13 1614.93 2226.31 1633.37 91 0.32614 
2781.06 832.345 2817.83 859.404 91 0.471231 
2116.69 2315.52 2161.5 2335.24 91 0.345163 
65.8798 2339.52 89.0007 2373.92 91 0.32968 
2007.48 738.68 2056.47 759.106 91 0.385656 
2562.62 904.348 2607.81 923.721 91 0.349561 
1825.99 735.776 1873.04 755.131 91 0.41838 
2313.07 1829.01 2359.93 1844.95 91 0.485934 
2002.19 770.08 2051.88 790.869 91 0.486134 
3005.86 1461.11 3028.39 1508.51 91 0.365116 
1902.89 659.633 1922.64 673.417 91 0.390771 
2167.62 2319.51 2216.66 2338.47 91 0.426284 
2461.32 1463.29 2485.15 1506.23 91 0.407378 
2849.06 1606.36 2869.93 1620.64 91 0.420745 
2292.58 2262.6 2337.91 2283.56 91 0.443785 
2370.66 1820.58 2419.41 1840.21 91 0.376718 
2305.05 2299.21 2350.74 2318.37 91 0.38009 
2454.28 2110.03 2464.98 2131.21 91 0.31266 
2434.88 1808.4 2481.43 1836.35 91 0.455088 
1881.1 836.796 1929.42 855.658 34 0.708329 
569.042 551.009 607.056 626.035 34 0.661995 
2043.24 779.081 2090.76 797.195 34 0.361295 
2428.55 1463.41 2449.49 1510.25 34 0.461204 
2204.96 1510.8 2285.52 1569.79 34 0.61813 
2310.32 1359.8 2346.75 1419.67 34 0.629396 
2054.27 849.717 2103.75 868.098 34 0.831621 
2462.21 1621.71 2498.59 1687.86 34 0.808136 
122.888 679.02 163.33 700.208 34 0.301402 
1919.15 979.459 1955.35 1046.44 34 0.463578 
2333.37 1541.95 2364.32 1584.09 34 0.398376 
2343.56 1608.36 2377.83 1670.8 34 0.925596 
2408.57 1711.76 2444.93 1773.11 34 0.497569 
1894.42 798.998 1935.94 842.63 34 0.533823 
1967.33 997.443 1989.5 1040.64 60 0.332424 
2005.55 2299.4 2026.71 2340.94 60 0.35008 
1345.5 1586.95 1384.15 1608.11 60 0.43552 
860.75 2866.43 879.223 2892.3 60 0.531802 
2014.74 2299.85 2035.83 2337.13 60 0.32638 
313.152 2029.89 336.544 2063.96 60 0.386192 
1462.43 1509.04 1502.44 1527 60 0.326333 
1433.02 2723.33 1450.46 2746.83 60 0.321991 
1321.66 2515.22 1343.59 2536.5 60 0.330154 
2342.92 946.495 2384.63 968.479 60 0.306078 
169.498 519.838 201.303 543.038 60 0.315989 
1790.08 1002.54 1813.61 1036.31 60 0.300348 
1381.08 1550.28 1413.37 1573.04 60 0.401096 
1377.86 1571.18 1415.26 1596.27 60 0.339881 
1974.95 1427.43 2009.14 1448.64 60 0.380135 
2518.34 887.661 2541.19 908.144 72 0.395181 
2703.59 906.592 2726.51 926.528 72 0.565124 
2431.42 959.446 2452.01 978.77 72 0.436136 
1410.12 1487.14 1429.07 1508.09 72 0.441845 
1194.12 2567.16 1217.14 2587.05 72 0.420474 
1709.55 1658.9 1731.04 1679.04 72 0.399664 
249.633 495.743 271.327 514.308 72 0.346403 
12.8527 2729.79 44.8808 2756.34 72 0.344898 
2468.75 2204.97 2493.1 2224.25 72 0.343926 
25.464 609.869 45.7085 632.848 72 0.388867 
285.092 667.384 305.169 684.827 72 0.303706 
1708.06 2732.2 1733.93 2757.77 72 0.504329 
585.094 495.198 605.342 516.047 72 0.418728 
1478.22 1650.87 1500.94 1670.66 72 0.378105 
2854.04 1020.16 2876.84 1040.8 72 0.489528 
1504.75 1909.32 1648.36 2066.39 72 0.345016 
1667.22 1302.25 1697.4 1328.65 72 0.358543 
2021.7 2600.16 2043.05 2618.59 72 0.31859 
1555.56 2265.6 1577.1 2287.82 72 0.495348 
1426.9 966.401 1462.79 994.634 72 0.357158 
1915.11 2372.8 1937.46 2405.54 72 0.356105 
1767.5 1441.8 1898.44 1544.68 72 0.306385 
2552.98 1800.14 2580.1 1827.85 72 0.32816 
2258.63 1360.58 2290.39 1398.21 72 0.417618 
2596.25 1390.54 2734.38 1558.69 72 0.320808 
1758.86 2363.29 1882.53 2433.01 72 0.411061 
2760.21 2789.58 2782.27 2812.45 72 0.566719 
233.403 2063.75 259.907 2092.92 72 0.397983 
1586.05 2786.47 1606.87 2806.44 72 0.40417 
1712.45 57.3264 1731.67 81.4123 41 0.634691 
2320.76 805.793 2341.09 819.007 41 0.401221 
1750.55 1051.01 1768.31 1075.48 41 0.342016 
2663.47 1586.44 2685.95 1607.47 41 0.411746 
2954.1 1507.02 2971.5 1528.88 41 0.391095 
1559.14 144.178 1581.67 163.995 41 0.59775 
1791.96 1955.59 1814.9 1973.52 41 0.402795 
1593.52 252.752 1616.42 269.903 41 0.45049 
2537.02 1484.09 2557.6 1504.1 41 0.306918 
1564.95 2108.08 1576.82 2124.48 41 0.342181 
1801.34 2011.17 1820.99 2030.09 41 0.562177 
2716.39 1577.54 2737.94 1598.02 41 0.512686 
1801.89 1359.18 1833.94 1380.34 41 0.303347 
1574.5 145.096 1595.56 166.284 41 0.531078 
2599.1 2149.6 2616.48 2173.19 41 0.307314 
1813.37 1955.59 1835.92 1973.17 41 0.34429 
1698.34 1103.18 1710.07 1116.99 62 0.312223 
2385.69 1133.03 2397.36 1150.75 62 0.422073 
2378.34 1134.03 2391.68 1149.54 62 0.481684 
1911.2 1293.33 1927.59 1305.5 62 0.365778 
3001.95 1373.11 3014.15 1387.54 62 0.346956 
975.218 2271.11 986.453 2289.12 62 0.309698 
1914.45 1287.48 1926.03 1296.72 62 0.465464 
1018.85 509.768 1038.96 523.647 62 0.596599 
844.637 2614.69 856.565 2630.07 62 0.337435 
1011.8 502.78 1044.24 528.566 63 0.454843 
1761.83 2409.22 1771.7 2421.52 63 0.330348 
1696.63 1099.36 1712.92 1120.2 63 0.376844 
1778.23 623.841 1795.1 646.673 63 0.305877 
1757.09 2408.15 1766.75 2420.44 63 0.423829 
1967.42 2223.04 1988.23 2241.6 63 0.452378 
2367.57 941.544 2388.04 954.079 63 0.298778 
1463.63 1458.8 1478.25 1481.39 63 0.299094 
2268.72 943.418 2278.2 954.893 63 0.403905 
1777.57 2313.63 1787.03 2326.26 63 0.323869 
1590.31 1118.73 1600.07 1128.57 63 0.524429 
1743.01 2396.09 1760.59 2416.79 63 0.351257 
2269.36 941.987 2289.79 958.533 63 0.337832 
2847.24 1603.93 2870.88 1622.08 84 0.887211 
3010.94 899.94 3090.66 982.516 84 0.305303 
2119.34 2766.73 2225.72 2874.31 84 0.386185 
2569.99 1563.43 2599.65 1589.6 84 0.91223 
1872.34 1429.57 1903.01 1458.28 84 0.498655 
1867.35 1409.97 1908.14 1454.65 84 0.454527 
2407.55 2535.01 2507.65 2637.59 84 0.729935 
2192.27 2710.99 2298.83 2846.77 84 0.486322 
2402.15 2672.68 2489.19 2761.17 84 0.354513 
171.958 27.1453 235.607 79.3615 84 0.334538 
4.53693 1940.91 23.9063 1961.62 84 0.350972 
2471.84 2761.91 2573.08 2860.71 84 0.675068 
2147.05 2786.83 2205.16 2856.32 84 0.488263 
854.74 1094.63 866.041 1107.38 84 0.319876 
2988.34 1537.38 3019.1 1571.67 84 0.441596 
288.51 773.578 299.891 786.065 20 0.300184 
211.753 541.009 222.388 556.78 20 0.319574 
1872.59 1534.66 1887.72 1546.74 20 0.304854 
1874.09 1012.86 1883.17 1024.84 20 0.355905 
61.4435 2504.82 71.983 2519.37 20 0.308153 
390.655 69.6139 401.676 82.9097 40 0.337689 
2332.4 703.512 2372.53 724.358 40 0.39272 
2956.31 1516.84 2967.09 1530.48 40 0.357404 
1566.29 2109.53 1577.59 2123.95 40 0.382058 
1830.43 1891.2 1867.93 1912.85 40 0.387853 
2326.9 714.2 2370.73 744.812 40 0.341351 
1815.47 1866.56 1853.3 1888.35 40 0.348335 
2401.02 616.006 2457.82 674.474 40 0.328098 
3033.36 1327.44 3045.09 1342.45 18 0.361331 
2707.18 2110.55 2718.75 2122.31 18 0.328428 
2387.49 1177.15 2397.61 1187.92 18 0.340854 
1179.84 456.897 1190.5 466.697 18 0.400287 
100.738 2121.5 111.752 2133.16 18 0.352708 
2740.32 2099.14 2751.06 2111.62 18 0.392939 
391.371 103.198 401.051 114.979 18 0.380172 
85.141 152.145 95.7895 164.002 18 0.336056 
149.717 2041.26 159.844 2054.04 18 0.308919 
100.164 160.166 110.639 171.194 18 0.419617 
1980.84 1804.1 1992.61 1815.76 18 0.394024 
2708.58 2099.41 2720.13 2109.7 18 0.431637 
613.551 40.8504 624.712 51.2043 18 0.42875 
3032.65 1334.43 3044.43 1350.87 18 0.33334 
124.672 2128.8 135.378 2139.48 18 0.350448 
140.526 1985.06 150.743 1999.39 18 0.309819 
700.805 38.323 711.781 49.2548 18 0.381075 
162.869 2411.56 174.693 2422.72 18 0.322385 
1485.47 973.534 1497.14 984.982 18 0.329111 
3041.99 1319.05 3053.01 1334.45 18 0.363476 
1486.99 967.814 1498.47 978.286 18 0.332968 
3058.05 2211.88 3067.75 2223.41 18 0.313434 
144.681 1881.3 155.964 1892.5 18 0.303943 
2492.87 2266.2 2503.51 2280.29 18 0.302431 
2608.94 1874.79 2620.11 1886.25 18 0.315866 
116.417 2016.25 126.581 2029.65 18 0.34096 
2731.93 2071.5 2742.52 2086.19 18 0.330439 
2725.64 2072.39 2735.48 2085.96 18 0.356732 
1275.91 3.52119 1396.87 42.8483 51 0.557707 
2344.86 945.253 2390.45 968.779 56 0.616825 
1943.48 2218.5 1985.61 2249.73 56 0.452977 
2343.9 935.44 2382.45 958.203 56 0.396234 
1964.85 2044.23 2021.88 2065.43 56 0.305983 
1490.64 939.545 1528.83 965.759 56 0.378475 
1592.9 1853.83 1633.56 1889.66 56 0.446629 
1941.79 666.231 1964.78 683.752 24 0.3503 
1960.27 675.183 1982.61 691.29 24 0.398756 
261.434 470.555 294.972 496.41 24 0.302915 
1940.39 674.322 1963.35 691.893 24 0.304821 
2451.58 1701 2475.7 1718.81 24 0.363102 
220.755 754.524 253.231 778.511 24 0.325844 
1709.3 57.1547 1732.28 78.2018 42 0.633973 
1592.97 248.757 1621.33 273.372 42 0.81423 
2979.01 1511.36 2994.42 1533.12 42 0.42097 
2758.38 1623.01 2781.12 1632.66 42 0.492982 
2640.04 2127.25 2661.78 2146.08 42 0.31253 
1563.18 2105.77 1581.36 2126.98 42 0.477716 
1782.52 1350.21 1802.85 1368.36 42 0.393011 
428.651 330.075 447.139 348.7 42 0.383093 
2997.82 1537.81 3015.72 1558.58 42 0.396049 
404.746 109.151 421.516 128.217 42 0.332779 
1748.17 38.8616 1774.61 64.9298 42 0.394686 
666.291 57.4445 683.724 79.3003 42 0.316647 
388.037 66.7838 405.851 85.6515 42 0.463512 
1869.65 1344.14 1910.49 1401.59 42 0.39702 
2760.68 1609.96 2781.74 1630.09 42 0.742919 
2993.8 2157.07 3024.65 2188.11 42 0.321497 
1814.81 1951.71 1836.51 1970.18 42 0.318097 
868.341 2090.1 884.513 2100.55 42 0.653354 
2998.23 1549.79 3014.62 1562.25 42 0.459349 
2739.31 2111.36 2762.84 2128.89 42 0.465843 
2736.39 1607.33 2756.89 1629.74 42 0.774107 
2954.05 1512.27 2970.8 1533.26 42 0.33531 
1800.14 1909.94 1821.07 1926.65 42 0.519538 
1759.38 1347.55 1779 1367.12 42 0.421076 
1553.87 1676.61 1574.59 1695.63 42 0.371443 
1816.29 1922.99 1834.7 1941.62 42 0.355864 
2711.34 1608.63 2732.26 1629.78 42 0.734034 
2309.62 705.285 2331.92 722.959 42 0.385259 
2975.24 1534.39 2993.84 1555.97 42 0.334618 
2575.48 1564.36 2596.99 1583.51 42 0.468698 
2312.17 723.856 2331.55 743.116 42 0.451512 
2304.17 701.26 2325.51 719.058 42 0.437651 
2795.85 2042.33 2806.44 2056.33 17 0.652104 
2924.35 2009.3 2934.77 2023.76 17 0.440983 
3016.57 2007.62 3027.79 2022.61 17 0.609207 
2748.55 2045.51 2759.06 2063.69 17 0.632873 
3025.19 2024.62 3036.98 2038 17 0.636164 
2611.69 2096.84 2622.4 2110.92 17 0.52453 
447.162 95.0577 457.967 109.085 17 0.564265 
498.191 63.2584 516.118 77.4612 17 0.482968 
3061.04 2278.81 3070.55 2296 17 0.459566 
3014.8 2041 3033.07 2054.11 17 0.783963 
916.621 455.224 928.647 469.067 17 0.420365 
2954.09 2029.32 2963.84 2044.9 17 0.50161 
2690.5 2056.1 2701.62 2072.35 17 0.673702 
2732.38 2056.18 2743.01 2069.93 17 0.381732 
199.786 2504.65 211.861 2519.18 17 0.499851 
5.77477 1485.57 18.3457 1501.25 17 0.374638 
52.0793 164.547 63.3636 182.261 17 0.346575 
415.14 107.634 424.627 125.71 17 0.5233 
263.482 2870.17 274.069 2885.72 17 0.417286 
2055.07 2289.92 2073.29 2302.45 17 0.575234 
2995.9 2009.58 3006.34 2025.19 17 0.665608 
1852.24 1236.22 1862.96 1251.86 17 0.328028 
1004.51 2825.46 1020.86 2837.6 17 0.557736 
43.7381 1728.52 54.6915 1745.07 17 0.46214 
2797.68 2089.97 2808.14 2105.03 17 0.571212 
2653.59 2061.38 2664.08 2078.62 17 0.617808 
2991.99 2047.9 3009.09 2059.79 17 0.434134 
2909.89 2331.29 2928.03 2343.72 17 0.517326 
868.31 2912.3 879.767 2926.96 17 0.368976 
2516.19 1855.92 2527.81 1872.62 17 0.451265 
3004.85 2014.95 3014.6 2032.61 17 0.718772 
2947.87 2046.07 2959.33 2060.24 17 0.375936 
584.728 54.1488 602.374 67.6851 17 0.431226 
146.66 131.961 165.35 145.667 17 0.498195 
1739.59 2864.16 1751.33 2879.39 17 0.35205 
2627.77 2264.21 2638.84 2278.96 17 0.57324 
2981.78 2014.42 2992.01 2030.19 17 0.44917 
488.398 118.081 499.33 133.35 17 0.307169 
2056.47 2325.62 2067.57 2340.99 17 0.356007 
2914.43 2300.13 2924.85 2319.06 17 0.355892 
431.425 102.065 440.882 118.983 17 0.464412 
3010.65 2091.8 3027.53 2103.27 17 0.614514 
2779.55 2087.35 2790.7 2101.68 17 0.554504 
2973.73 2031.83 2984.28 2047.09 17 0.349211 
1350.15 2902.53 1360.89 2916.25 17 0.309006 
1127.8 241.761 1138.63 258.121 17 0.302728 
1874.84 1535.17 1885.53 1547.22 17 0.301487 
2754.5 2045.81 2764.17 2063.22 17 0.694466 
1103.96 250.854 1115.23 266.047 17 0.394344 
878.556 13.9161 890.477 29.6226 17 0.438541 
71.2035 1848.55 82.8859 1865.33 17 0.481333 
2733.65 2038.36 2744.18 2053.29 17 0.314095 
1798.4 1203.36 1809.8 1218.82 17 0.332577 
2800.44 2271.34 2818.47 2283.67 17 0.406803 
2994.89 2286.94 3005.6 2303.97 17 0.610687 
109.869 1886.39 121.228 1902.52 17 0.354995 
174.853 2282.47 186.182 2294.36 17 0.394817 
2969.19 2281.47 2986.92 2293.97 17 0.686086 
54.7448 1589.38 66.5187 1604.84 17 0.40684 
1144.87 154.667 1155.52 170.755 17 0.341607 
2998.05 2031.74 3008.56 2045.69 17 0.438169 
2756.2 2055.34 2766.49 2071.38 17 0.642248 
2787.62 2049.12 2798.28 2064.7 17 0.523482 
136.751 2070.17 148.328 2086.17 17 0.44115 
2902.36 2033.13 2912.87 2049.19 17 0.54995 
1154.91 163.12 1170.93 184.261 17 0.336027 
2763.93 2053.01 2774.44 2070.27 17 0.567424 
2898.72 2298.72 2909.53 2312.59 17 0.47779 
232.251 684.895 243.447 700.352 17 0.383944 
2890.97 2021.94 2901.89 2039.08 17 0.504372 
2773.22 2026.46 2784.83 2039.72 17 0.578399 
2876.18 2035.29 2886.59 2054.09 17 0.38185 
563.083 48.2063 579.79 61.4064 17 0.354137 
71.5482 1733.6 82.9538 1750.14 17 0.385037 
851.932 194.247 863.087 210.292 17 0.412687 
2940.89 2264.86 2952.54 2279.02 17 0.57073 
461.527 166.531 479.796 179.285 17 0.578659 
284.28 109.01 301.012 121.428 17 0.427162 
2678.87 2076.73 2688.6 2095.72 17 0.446151 
470.805 107.562 481.186 122.311 17 0.45291 
437.708 316.499 450.27 331.759 17 0.527287 
2770.8 2403.37 2781.61 2423.18 17 0.336631 
2865.18 2034.93 2876.01 2054.13 17 0.604203 
2736.95 2015.14 2747.36 2029.54 17 0.403179 
3069.86 1175.52 3081.56 1187.27 17 0.322089 
14.1 184.123 26.1671 197.642 17 0.333555 
2853.54 2031.7 2863.06 2050.51 17 0.641149 
2641.45 2088.78 2652.34 2106.12 17 0.383627 
2636.73 2071.74 2647.12 2088.19 17 0.698141 
737.57 37.2083 755.574 49.7742 17 0.458795 
2924.26 2252.48 2934.26 2271.69 17 0.517817 
455.492 72.3764 466.96 85.256 17 0.415275 
2596.81 2111.56 2608.11 2125.17 17 0.536546 
114.976 2096.94 126.45 2111.59 17 0.483654 
2817.34 2043.94 2828.2 2060.81 17 0.392921 
2941.12 2249.2 2951.92 2264.61 17 0.531362 
2947.77 2247.55 2958.27 2262.95 17 0.630138 
2664.82 2078.43 2674.75 2097 17 0.491214 
2624.01 2259.1 2641.1 2271.04 17 0.672029 
2938.96 2031.2 2949.08 2048.81 17 0.517639 
467.892 151.831 485.277 163.744 17 0.505433 
2941.88 2013.81 2952.8 2026.55 17 0.450032 
2572.82 2117.76 2584.63 2132.65 17 0.373924 
524.166 86.4081 539.426 99.8251 17 0.354619 
2700.94 2076.76 2711.72 2091.45 17 0.352478 
213.027 144.382 229.39 156.763 17 0.505997 
2638.37 2318.47 2657.74 2336.09 17 0.566931 
2561.06 2260.75 2573.29 2278.41 17 0.557117 
3029.68 1310.12 3041.14 1324 17 0.356489 
421.569 105.47 431.253 122.472 17 0.477603 
1033.64 400.04 1052.25 419.347 17 0.366463 
1709.94 2496.94 1728.16 2509.71 17 0.540509 
2633.88 2283.22 2644.03 2295.25 17 0.423587 
702.888 62.3266 718.565 74.3435 17 0.354409 
2986.34 2014.58 2996.78 2031.75 17 0.658386 
407.909 109.719 417.923 126.619 17 0.429768 
1124.71 207.24 1135.94 222.364 17 0.326053 
1076.93 315.195 1093.86 334.765 17 0.436903 
2909.32 2302.97 2919.42 2319.85 17 0.379598 
862.701 15.559 873.397 30.7213 17 0.513233 
2794.74 2395.95 2805.86 2413.56 17 0.46955 
2749.47 2286.27 2766.49 2298.36 17 0.37676 
399.13 113.603 409.329 129.399 17 0.365429 
93.8759 2081.79 105.422 2095.07 17 0.375069 
1132.34 189.66 1142.66 204.401 17 0.445756 
905.878 460.521 916.173 473.211 17 0.309364 
2915.96 2251.95 2926.93 2270.87 17 0.57584 
2609.2 2325.54 2621.09 2339.94 17 0.488344 
1146.12 202.659 1156.46 220.062 17 0.32598 
260.416 762.586 271.547 776.573 17 0.312427 
352.129 121.044 362.213 138.288 17 0.449879 
2852.47 2265.89 2863.41 2280.55 17 0.350316 
1340.31 2904.98 1355.7 2918.17 17 0.42755 
2762.41 2097.92 2773.29 2112.9 17 0.498257 
877.226 1179.77 887.677 1192.96 17 0.340568 
2907.36 2252.75 2918.72 2271.92 17 0.569833 
2550.53 2272.69 2560.73 2289.45 17 0.382251 
91.5211 2050.45 102.725 2064.47 17 0.346925 
1580.26 2134.02 1593.08 2147.4 17 0.398511 
1602.89 1883.16 1623.6 1893.08 17 0.419399 
429.71 332.738 445.792 345.256 17 0.377404 
2572.04 2273.99 2583.26 2288.5 17 0.494329 
2721.99 1963.44 2733.93 1975.76 17 0.467236 
2894.33 2260.6 2904.77 2277.1 17 0.426047 
2630.2 2076.89 2641.11 2092.77 17 0.643636 
893.576 410.942 904.976 427.969 17 0.370958 
958.723 2.9344 971.165 16.2905 17 0.362705 
627.819 465.011 645.788 477.514 17 0.403865 
424.897 342.733 442.567 355.07 17 0.473747 
2760.92 2007.75 2772.75 2021.58 17 0.525775 
3004.27 2075.32 3014.73 2088.68 17 0.560946 
2633 2266.15 2643.26 2279.41 17 0.499722 
2707.05 2107.23 2718.04 2119 17 0.496165 
156.221 2394.87 172.435 2406.79 17 0.377332 
1006.87 357.561 1018 372.896 17 0.32519 
2117.42 2522.55 2136.1 2534.4 17 0.322916 
460.544 72.2348 471.525 84.646 17 0.44389 
318.705 126.138 329.292 141.281 17 0.469502 
238.95 717.014 250.813 729.094 17 0.320724 
2641.03 2068.66 2651.55 2085.65 17 0.62311 
444.956 291.598 456.603 307.039 17 0.339901 
16.5738 158.999 27.7229 172.727 17 0.393944 
2785.73 2400.08 2796.47 2418.24 17 0.61867 
1739.71 2446.53 1749.92 2461.59 17 0.302881 
2840.65 2088.08 2852.03 2104.34 17 0.396146 
939.554 0 957.326 9.5107 17 0.335236 
3015.4 2047.73 3033.98 2059.3 17 0.607796 
134.442 2011.94 145.484 2027.78 17 0.340606 
176.099 2287.17 187.047 2300.81 17 0.395519 
3075.58 2273.72 3087.23 2288.98 17 0.579907 
2968.8 2285.99 2985.64 2306.79 17 0.359039 
384.449 108.305 394.82 121.675 17 0.347186 
429.863 233.906 445.478 254.468 17 0.32357 
1765.38 1047.63 1776.86 1060.54 17 0.325477 
3010.46 2014.72 3020.59 2031.14 17 0.769301 
1912.81 2092.6 1931.07 2111.79 17 0.403228 
335.133 124.465 345.784 141.768 17 0.527656 
652.069 471.75 668.486 484.449 17 0.375855 
926.382 19.9325 937.58 32.3364 17 0.337769 
3007.88 2079.54 3022.34 2091.14 17 0.462618 
1012.65 362.222 1024.22 378.751 17 0.498149 
238.955 734.893 250.545 749.205 17 0.422033 
2196.02 832.174 2207.61 845.298 17 0.355517 
925.767 396.392 936.656 413.811 17 0.531631 
2896.82 1406.68 2907.65 1421.66 17 0.358954 
1492.38 2781.86 1508.94 2801.98 17 0.332544 
456.567 102.456 465.724 117.242 17 0.499549 
841.275 20.2992 858.661 33.9566 17 0.386054 
2737.62 2064.66 2748.37 2080.5 17 0.486448 
3005.96 2273.43 3016.34 2286.21 17 0.409904 
934.974 394.839 945.967 409.965 17 0.481627 
2899.02 2256.17 2909.92 2273.2 17 0.566772 
435.723 324.085 448.4 338.708 17 0.497205 
2304.59 1483.09 2315.55 1500.09 17 0.302046 
966.585 2799.91 977.08 2812.6 17 0.35566 
1613.99 2709.09 1625.35 2725.18 17 0.320017 
3043.11 1303.9 3054.22 1317.82 17 0.371894 
2953.15 2245.97 2964.28 2261.88 17 0.534159 
285.688 118.87 302.501 131.289 17 0.556237 
2684.64 2033.42 2696.52 2048.77 17 0.314658 
1984.98 2361.87 1995.56 2376.26 17 0.309998 
439.45 100.792 449.011 117.493 17 0.569176 
327.79 126.638 338.209 142.315 17 0.508664 
342.048 122.426 352.485 139.303 17 0.555905 
11.5151 1412.16 23.2736 1429.38 17 0.321756 
235.952 702.821 247.877 716.232 17 0.304403 
184.761 455.466 201.039 468.725 17 0.355678 
2062.03 2305.54 2073 2319.88 17 0.402166 
3082.51 2271.93 3092.61 2286.3 17 0.356159 
2214.61 2361.92 2225.18 2376.3 17 0.355542 
1658.72 1164.24 1674.46 1185.72 17 0.305101 
3002.45 2285.72 3012.87 2303.47 17 0.576716 
1579.89 2257.99 1590.88 2272.71 17 0.323184 
2584.77 2291.43 2602.61 2302.54 17 0.302584 
1486.21 949.007 1497.2 963.605 17 0.372919 
1678.74 1865.41 1688.74 1876.34 17 0.397542 
246.957 753.958 258.452 769.402 17 0.33913 
170.407 223.955 187.097 237.024 17 0.342181 
2861.05 2032.37 2870.59 2051.26 17 0.659519 
220.488 2314.53 236.491 2325.42 17 0.327802 
236.726 736.651 255.245 755.333 17 0.337887 
1496.47 933.372 1514.19 950.459 17 0.402682 
1899.49 1243.88 1916.32 1255.85 17 0.347704 
348.865 78.7075 359.458 91.9095 17 0.366372 
2949.42 2029.97 2959.82 2046.19 17 0.465422 
60.573 1719.94 71.4666 1736.45 17 0.500197 
2595.14 2291.41 2605.92 2302.07 17 0.379463 
445.267 99.0804 455.3 113.318 17 0.58182 
934.57 7.60127 946.19 19.1141 17 0.48381 
2628.46 2283.48 2638.73 2295.89 17 0.469926 
940.624 6.28287 956.046 17.4954 17 0.637836 
2769.42 2052.94 2779.37 2068.97 17 0.324414 
1672.67 2224.63 1684.75 2240.54 17 0.538708 
122.636 115.254 141.063 135.064 17 0.36346 
236.647 709.838 248.199 723.154 17 0.329335 
905.147 457.123 923.901 476.011 17 0.329961 
3034.74 1312.2 3046.54 1325.17 17 0.380534 
2963.91 2292.15 2974.85 2311.09 17 0.436877 
2621.23 2285.44 2631.01 2298.44 17 0.392868 
2697.88 2056.1 2707.66 2072.15 17 0.520743 
855.244 1312.44 865.465 1322.7 17 0.314509 
2625.82 2271 2641.51 2282.17 17 0.511674 
65.0938 1700.18 75.8773 1715.78 17 0.370083 
3017.75 2014.85 3028.81 2029.56 17 0.679435 
2158.17 2500.86 2175.41 2520.34 17 0.392606 
432.233 327.571 444.15 340.262 17 0.455003 
860.599 1328.88 870.815 1338.36 17 0.300022 
153.422 286.203 169.316 298.257 17 0.32282 
1548.58 507.893 1559.75 520.509 17 0.375061 
2946.34 2011.65 2956.97 2024.08 17 0.489556 
404.895 287.499 415.684 302.051 17 0.330103 
759.193 334.464 770.529 346.641 17 0.315389 
285.879 772.228 303.437 788.615 17 0.384083 
765.093 1577.95 774.974 1590.56 17 0.335116 
602.405 27.7985 618.017 39.9503 17 0.325158 
812.461 1312.41 822.101 1324.76 17 0.33182 
2745.69 2409.3 2761.2 2421.63 17 0.418578 
2803.6 1401.88 2814.45 1414.36 17 0.381654 
171.708 193.177 185.64 215.659 17 0.359295 
3042.02 1310.88 3053.01 1325.04 17 0.300867 
872.293 1180.32 882.81 1193.11 17 0.415002 
911.672 63.7918 926.214 85.618 17 0.407183 
3035.72 1320.69 3047.39 1334.26 17 0.354178 
416.907 103.631 426.72 117.107 17 0.413353 
1871.75 1235.75 1889.83 1252.56 17 0.448798 
205.785 2292.58 216.546 2309.42 17 0.313613 
83.5128 1881.49 94.675 1896.67 17 0.368938 
2069.65 1250.51 2087.57 1267.53 17 0.383366 
3020.09 2282.28 3030.23 2296.34 17 0.470563 
1810.81 2262.6 1826.9 2283.83 17 0.318455 
2841.51 2035.64 2852.49 2052.45 17 0.519423 
1024.81 353.237 1035.63 369.908 17 0.384362 
1627.97 1960.14 1639.22 1972.03 17 0.396922 
1674.25 1888.76 1685.96 1903.56 17 0.320134 
401.809 291.112 412.515 304.395 17 0.300416 
2781.59 2404 2791.73 2423.75 17 0.440166 
1628.14 1955.4 1639.04 1966.45 17 0.429118 
1124.96 186.55 1141.91 207.034 17 0.382784 
759.095 1183.1 770.445 1194.17 17 0.300528 
466.085 157.335 482.355 168.722 17 0.500089 
2977.36 2292.48 2988.62 2308.64 17 0.571752 
637.167 467.555 647.843 481.182 17 0.416705 
209.344 538.914 224.716 558.972 17 0.3996 
764.918 1197.61 775.01 1208.9 17 0.314498 
2735.32 2072.25 2750.76 2084.01 17 0.484134 
2716.81 1963.49 2728.94 1974.47 17 0.414961 
856.027 1183.21 866.841 1195.06 17 0.420862 
918.832 396.727 929.678 412.867 17 0.496369 
968.458 2795.73 979.057 2805.69 17 0.302046 
2688.16 2062.46 2705.79 2075.23 17 0.826563 
437.538 63.475 447.891 77.4234 17 0.384186 
2178.35 829.304 2189.22 844.86 17 0.306692 
1920.98 2125.94 1937.82 2146.18 17 0.327539 
1656.78 444.099 1667.34 454.871 17 0.335024 
2733.77 2062.76 2744.2 2076.19 17 0.477318 
1666.1 1870.24 1677.44 1883.99 17 0.387459 
445.802 306.377 458.34 325.055 17 0.355538 
2946.95 2239.85 2957.75 2253.07 17 0.484884 
707.766 9.01574 723.459 20.6642 17 0.29866 
1640.68 1062.73 1652.06 1075.83 17 0.302485 
19.5216 1512.67 30.5461 1527.46 17 0.375537 
2814.46 2040.91 2824.34 2057.67 17 0.450121 
1755.24 2892.59 1771.76 2911.98 17 0.396664 
861.518 1182.17 871.301 1195.76 17 0.454837 
134.643 2066.87 149.991 2078.73 17 0.463829 
932.718 13.8439 944.081 25.9246 17 0.593653 
999.621 365.411 1011.13 380.943 17 0.320457 
2738.42 2099.74 2753.95 2110.86 17 0.339767 
817.384 193.216 834.24 211.751 17 0.465189 
389.677 109.439 399.226 122.512 17 0.388339 
2988.35 2010.23 2998.97 2024.29 17 0.530774 
3.13367 123.454 17.4939 144.079 17 0.320708 
2177.28 814.377 2188.54 830.872 17 0.333584 
3017.88 2208.29 3027.98 2220.57 17 0.452595 
948.445 2737.18 959.512 2749.34 17 0.33389 
148.397 2033.09 159.071 2045.82 17 0.321352 
461.152 102.826 471.238 116.935 17 0.447458 
3030.06 1102 3039.83 1113.76 17 0.375021 
155.09 2379.62 170.429 2391.29 17 0.321066 
2934.15 2031.48 2943.56 2047.36 17 0.388539 
168.304 2247.4 178.21 2261.29 17 0.300192 
1762.09 1110.35 1772.77 1122.08 17 0.331849 
3019.31 2203.17 3029.02 2214.44 17 0.370233 
855.704 18.7137 865.759 32.9912 17 0.386977 
3011.47 2285.13 3022.44 2301.26 17 0.55333 
3001.68 2233.48 3012.45 2245.93 17 0.335505 
909.416 74.3202 924.364 96.513 17 0.349909 
726.568 8.10195 741.107 18.7195 17 0.340756 
163.886 1197.48 181.219 1216.2 17 0.436056 
226.83 617.866 242.371 638.71 17 0.312556 
2621.61 2263.16 2632.59 2278.07 17 0.505111 
3066.27 2276.92 3077.07 2294.15 17 0.58666 
2096.97 2522.11 2112.4 2541.89 17 0.300963 
2593.58 2138.33 2604.87 2151.12 17 0.348559 
1967.05 2780.01 1984.18 2798.97 17 0.326044 
1852.92 2120.29 1864.82 2135.03 17 0.318209 
862.537 423.836 878.687 435.955 17 0.333441 
1676.49 454.526 1687.62 465.189 17 0.365771 
2955.82 2239.47 2966.53 2255.12 17 0.468212 
3012.09 2143.5 3027.87 2156.17 17 0.4159 
784.392 1.09483 803.126 17.5849 17 0.314636 
2706.46 2099.66 2721.78 2109.46 17 0.41976 
1467.86 952.155 1478.62 965.556 17 0.318662 
581.816 1530.16 592.784 1540.78 17 0.385062 
2994.39 2042.62 3009.95 2053.95 17 0.497677 
2929.35 2252.89 2939.9 2271.17 17 0.542711 
920.739 399.816 940.032 418.238 17 0.333012 
1113.37 230.331 1123.02 245.356 17 0.304301 
2886.24 1435.97 2897.25 1449.77 17 0.318554 
6.97753 1530.38 20.8879 1550.83 17 0.463926 
476.199 138.517 487.665 153.472 17 0.313236 
3002.95 2008.66 3012.96 2025.48 17 0.623914 
2893.79 2303.68 2904.43 2315.43 17 0.322373 
2758.34 2098.14 2768.02 2112.73 17 0.388797 
1074.02 303.804 1090.06 316.367 17 0.362152 
1481.04 950.395 1491.27 964.016 17 0.330038 
812.546 1228.11 822.757 1240.05 17 0.397529 
2786.73 2087.78 2795.98 2102.44 17 0.548584 
23.4161 147.963 34.6349 161.725 17 0.457972 
1801.33 1200.39 1812.59 1212.97 17 0.349961 
157.924 2193.5 172.81 2205.85 17 0.362126 
1660.65 2238.47 1672.56 2253.31 17 0.416337 
3028.36 2287.33 3038.64 2300.44 17 0.327356 
2482 2361.34 2500.56 2372.85 17 0.306623 
611.164 40.5585 626.015 51.0554 17 0.301815 
463.076 107.144 473.341 121.014 17 0.479336 
3013.64 2217.6 3024.1 2230.5 17 0.336125 
1128.23 195.895 1139.65 208.557 17 0.403875 
3012.86 2223.71 3022.93 2235.11 17 0.328062 
2990.24 2286.84 3000.43 2304.34 17 0.5614 
751.282 1190.39 761.417 1201.42 17 0.304453 
2979.41 2080.67 2989.16 2091.67 17 0.300951 
2771.59 2089.48 2788 2101.03 17 0.558622 
2997.71 2074.8 3007.02 2087.63 17 0.402648 
750.835 44.9836 761.761 58.2938 17 0.451217 
2789.74 2041.94 2800.26 2055.86 17 0.510107 
2978.74 1515.11 2994.31 1528.5 17 0.37088 
2065.53 2310.4 2075.92 2323.8 17 0.383214 
452.484 94.4701 463.041 107.469 17 0.374035 
441.759 96.6107 459.299 117.002 17 0.340355 
916.445 2785.89 926.361 2796.6 17 0.304427 
302.182 125.289 317.501 145.455 17 0.380939 
1547.76 504.318 1562.91 515.352 17 0.335408 
2942.69 2256.38 2958.31 2268.19 17 0.70598 
2934.84 2504.37 2950.18 2523.81 17 0.411716 
1604.67 2201.83 1621.25 2214.2 17 0.357287 
197.904 2498.24 209.385 2510.16 17 0.349405 
1665.69 2213.03 1682.66 2233.69 17 0.315086 
2938.75 2251.54 2954.64 2272.27 17 0.385793 
351.358 513.808 365.813 534.283 17 0.378747 
916.47 389.463 927.355 402.119 17 0.407459 
93.6539 2098.66 103.876 2109.86 17 0.390499 
1428.51 2718.08 1444.82 2733.2 17 0.32684 
932.047 391.891 948.945 403.845 17 0.515465 
1077.86 309.034 1089.07 322.403 17 0.340067 
2460.72 966.226 2485.37 983.133 65 0.361034 
2302.07 968.552 2340.62 987.055 65 0.579953 
2558.76 1236.63 2581.94 1252.32 65 0.322764 
2647.32 1385.98 2680.49 1407.35 65 0.496756 
2732.64 1403.07 2757.73 1418.39 65 0.530175 
803.024 2909.22 825.199 2927.96 65 0.566149 
2115.66 2510.51 2140.38 2527.02 65 0.587946 
1959.56 2520.48 1983.15 2530.72 65 0.599398 
1562.17 1789.89 1584.46 1807.47 65 0.47194 
1957.51 2513.88 1993.25 2535.55 65 0.391469 
1606.78 1863.56 1626.38 1882.2 65 0.478475 
1926.12 2782.05 1969.11 2798.44 65 0.459679 
3032.15 782.866 3053.51 812.647 65 0.328383 
1866.46 728.802 1896.81 751.611 65 0.354824 
2851.53 930.894 2884.31 953.234 65 0.319664 
2548.38 964.305 2570.01 984.177 65 0.314441 
1488.04 1005.6 1511.96 1021.23 65 0.354036 
800.634 185.12 825.023 206.894 65 0.375646 
2645.07 1402.68 2667.23 1420.99 65 0.302235 
1667.87 1564.3 1684.03 1590.19 65 0.423717 
2766.58 2349.14 2790.74 2364.55 65 0.375979 
2859.09 1410.36 2881.45 1427.53 65 0.900316 
807.914 190.655 832.168 209.072 65 0.424269 
20.1088 284.573 49.7504 314.196 65 0.484308 
809.503 2921.57 832.244 2930.6 65 0.372881 
2832.58 1411.63 2854.36 1429.62 65 0.636742 
107.867 2339.15 138.802 2361.48 65 0.454195 
1947.35 2532.64 1985.79 2551.71 65 0.373848 
342.115 497.203 358.802 519.053 65 0.319245 
2561.41 1058.22 2580.23 1076.59 65 0.407244 
1671.83 1219.81 1703.69 1240.01 65 0.430098 
1964.76 2514.99 1988.27 2527.38 65 0.513947 
3053.89 1600.96 3075.16 1612.93 65 0.389816 
455.66 2030.41 476.788 2048.89 65 0.31107 
1799.41 2714.1 1833.24 2736.93 65 0.355333 
810.757 2902.69 828.922 2923.13 65 0.564968 
1563.51 1798.27 1584.17 1817.38 65 0.373641 
2314.85 810.418 2345.43 832.44 26 0.329217 
1429.81 2716.02 1442.44 2734.81 26 0.301232 
2969.1 2290.89 2986.2 2310.87 26 0.331168 
2173.31 829.097 2184.17 844.102 26 0.314563 
2962.54 2291.27 2977.99 2312.97 26 0.36435 
244.691 752.526 261.904 772.291 26 0.438209 
2437.96 1691.51 2454.59 1711.79 26 0.30993 
1453.63 2684.23 1466.06 2702.51 26 0.331742 
1650.74 2223.3 1667.73 2243.36 26 0.338483 
474.287 124.102 502.039 150.084 26 0.337241 
234.97 716.862 256.072 739.679 26 0.392757 
235.731 734.041 260.007 752.731 26 0.318434 
1667.35 2220.65 1684.55 2240.42 26 0.359986 
1459.93 2693.36 1472.87 2710.19 26 0.339432 
2437.18 1701.31 2454.88 1722.71 26 0.540199 
20.3116 146.028 39.2361 165.172 26 0.413449 
1493.76 2666.11 1524.38 2700.28 29 0.42171 
1549.12 2713.93 1572.46 2738.15 29 0.357763 
2400.53 1146.74 2447 1169.29 29 0.342091 
1606.6 1716.74 1628.03 1754.08 29 0.473758 
1794.16 2735.81 1813.2 2779.07 29 0.543162 
1403.09 2731.76 1436.74 2768.6 29 0.409808 
1844.87 1578.6 1888.11 1612.65 29 0.795036 
2754.14 1013.15 2795.95 1032.77 29 0.326592 
1466.19 2699.26 1483.3 2734.24 29 0.55091 
2759.48 1018.7 2793.05 1047.83 29 0.370123 
1537.26 2711.74 1562.47 2740.18 29 0.305146 
1928.41 2782.48 1974.96 2798.76 29 0.517898 
1647.14 2652.06 1673.91 2687.69 29 0.317496 
2491.39 741.937 2533.54 767.328 29 0.300494 
2374.34 1809.25 2422.67 1835.13 29 0.418493 
2646.89 1386.37 2683.4 1419.33 29 0.428403 
2369.47 736.277 2419.17 760.707 29 0.348638 
1536.44 2564.07 1592.88 2588.31 29 0.370158 
2216.35 2486.75 2261.18 2505.21 29 0.40368 
1804.91 2523.55 1859.36 2545.63 29 0.306436 
1655.97 2581.65 1705.73 2604.88 29 0.635523 
93.9988 809.558 125.97 833.937 29 0.521152 
2859.37 2238.81 2895.17 2265.47 29 0.43524 
1537.4 2587.97 1592.21 2612.27 29 0.499148 
2649.75 1377.25 2676.11 1403.92 29 0.357231 
1528.19 2652.24 1561.41 2690.38 29 0.41378 
2555.27 2413.84 2595.54 2444.3 29 0.556707 
2155.09 2125.46 2202.07 2144.22 29 0.487595 
2299.44 956.119 2340.69 988.047 29 0.577523 
1458.14 2680 1487.78 2742.9 29 0.58204 
1878.53 1348.69 1900.62 1387.38 29 0.660583 
2161.52 2117.17 2208.2 2135.63 29 0.424415 
274.766 124.283 295.289 147.869 29 0.30245 
1593.55 2580.4 1638.57 2598.67 29 0.344058 
796.359 181.082 831.937 212.617 29 0.312929 
1559.06 2644.69 1583.91 2681.69 29 0.303597 
333.309 2035.05 383.914 2077.5 71 0.384159 
2385.12 2246.75 2439.98 2290.68 71 0.329344 
1142.89 2539.56 1174.04 2564.65 71 0.455896 
2179.3 1592.55 2235.18 1629.32 71 0.360265 
240.563 441.476 267.72 477.271 71 0.494826 
2220.77 2311.73 2261.89 2344.37 71 0.570037 
2207.38 2278.22 2258.26 2323.88 71 0.695663 
245.176 2073.21 282.891 2104.61 71 0.317551 
2377.18 2321.14 2411.17 2348.27 71 0.307894 
589.231 219.887 616.601 254.009 71 0.333184 
2444.3 2251.77 2482.4 2281.07 71 0.340978 
2766.89 2257.16 2788.81 2278.99 71 0.614134 
2461.43 2258.82 2484.13 2278.76 71 0.374237 
236.347 2065.31 256.607 2089.81 71 0.470453 
2496.17 2310.37 2517.04 2331.59 71 0.375266 
586.465 420.9 616.617 448.582 71 0.481521 
1869.91 716.963 1892.11 734.824 71 0.37994 
199.072 2178.91 219.716 2202.97 71 0.455825 
2456.78 1464.6 2504.33 1514.61 71 0.350792 
619.091 283.71 637.464 305.198 71 0.316663 
1893.23 718.507 1939.27 745.238 71 0.578588 
2404.06 2261.97 2446.62 2295.95 71 0.793291 
285.626 2141.62 304.791 2162.39 71 0.791386 
264.665 2134.94 292.412 2167.48 71 0.510659 
2884.24 2203.35 2909.33 2245.05 71 0.517589 
1501.48 1852.31 1545.22 1902.37 71 0.372498 
1088.6 2586.12 1107.57 2608.31 71 0.395988 
320.423 192.711 361.725 243.879 71 0.35082 
4.01528 88.5255 52.0703 122.576 71 0.62091 
386.328 2052.5 424.032 2105.19 71 0.516097 
1684.21 1480.34 1723.58 1506.86 71 0.496344 
2221.32 1597.84 2246.64 1628.47 71 0.542015 
2306.93 2295.77 2348.81 2325.46 71 0.396419 
1853.08 714.737 1872.08 738.111 71 0.322679 
1429.59 965.672 1460.02 996.41 71 0.407452 
267.023 586.033 290.286 607.369 71 0.301819 
63.3187 2271.53 111.659 2306.24 71 0.315263 
54.8679 2074.58 79.3521 2096.67 71 0.396819 
1845.79 736.473 1870.01 754.071 71 0.312061 
1843.18 1170.04 1890.08 1200.91 71 0.655065 
321.826 2116.6 343.698 2137.29 71 0.361448 
1979.39 1671.68 2009.74 1717.28 71 0.366985 
123.808 521.826 141.919 544.48 71 0.601387 
1918.71 682.068 1940.68 702.292 71 0.604213 
83.1206 2222.63 122.978 2274.95 71 0.48606 
2478.85 2314.44 2499.14 2335.57 71 0.301351 
196.059 217.717 238.366 252.526 71 0.409421 
2356.52 2266.69 2394.83 2300.42 71 0.390973 
1455.95 1548.71 1493.64 1571.3 71 0.307987 
236.577 195.98 268.69 227.815 71 0.804494 
428.848 294.201 461.718 354.696 83 0.349662 
2849.06 2032.4 2871.36 2055.57 83 0.569651 
853.627 12.6432 892.108 35.3384 83 0.519905 
2686.23 2058.42 2711.4 2085.47 83 0.4477 
3005.78 2029.7 3035.29 2060 83 0.759223 
1337.02 2897.55 1366.44 2924.09 15 0.874221 
1347.34 2900.04 1362.51 2918.44 15 0.793884 
1589.41 1853.55 1623.41 1884.21 15 0.440761 
2781.11 1405.23 2814.78 1431.96 15 0.946312 
1593.95 1864.73 1626.73 1897.7 15 0.447818 
935.825 1.66251 970.051 18.7881 15 0.307351 
2555.74 1055.03 2586.34 1078.97 15 0.683974 
797.538 2907.13 831.86 2929.57 11 0.428996 
1660.62 1562.79 1683.41 1588.69 11 0.360252 
1332.2 1539.82 1408.12 1619.83 11 0.358223 
1962.02 2511.72 1988.42 2534.12 11 0.757103 
2374.13 1452.81 2422.44 1511.62 11 0.315051 
2160.44 894.128 2197.84 917.668 11 0.447182 
1358.37 2909.63 1407.39 2930.82 11 0.389391 
336.688 2221.58 382.155 2284.56 11 0.354533 
1465.41 1368.21 1533.53 1433.91 61 0.720204 
1451.6 1549.31 1522.25 1610.02 61 0.529012 
1358.41 1637.67 1403.8 1670.58 61 0.378943 
1533.2 1381.82 1602.29 1456.94 61 0.853244 
1829.73 629.372 1897.4 697.821 61 0.55297 
1610.81 2296.93 1632.91 2341.96 61 0.358088 
2095.73 2629.33 2127.15 2671.05 61 0.521588 
1608.9 1293.16 1629.63 1334.19 61 0.509961 
1526.09 1454.15 1600.44 1532.61 61 0.554566 
317.966 2084.51 370.831 2124.34 73 0.511844 
370.632 2050.89 415.898 2106.52 73 0.390393 
722.14 158.222 765.226 202.498 73 0.450741 
1991.34 1154.2 2046.31 1203.23 73 0.360801 
145.955 539.381 185.799 571.635 73 0.556501 
61.2756 2197.35 148.783 2281.35 73 0.300186 
63.9196 2274.31 118.234 2315.03 73 0.447323 
693.715 142.699 733.991 188.986 73 0.514401 
885.259 309.461 923.547 346.811 73 0.40903 
1010.49 172.741 1056.73 220.798 73 0.362497 
314.856 349.677 368.458 392.594 73 0.30769 
1.70259 2300.56 54.4337 2357.92 73 0.414331 
286.452 2060.94 328.94 2094.92 73 0.538471 
2178.31 1608.38 2236.47 1632.08 73 0.331039 
567.996 388.63 603.624 428.237 73 0.325923 
271.194 2203.26 328.984 2259.17 73 0.476777 
280.158 2069.36 318.93 2110.92 73 0.558191 
35.0836 2072.55 76.5281 2113.53 73 0.310247 
610.539 378.788 641.492 410.225 73 0.469325 
2710.69 2185.92 2756.6 2226.81 73 0.337492 
568.711 357.419 608.62 392.592 73 0.40764 
69.888 612.791 107.967 642.451 73 0.549517 
297.127 2110.7 330.683 2133.47 73 0.347212 
118.508 304.505 155.996 345.673 73 0.326819 
327.274 2036.87 368.057 2078.33 73 0.373013 
102.503 560.712 138.325 599.725 73 0.429566 
649.276 178.064 690.393 213.379 73 0.685543 
1464.74 1479.82 1505.68 1517.04 73 0.388524 
576.146 291.789 626.976 335.299 73 0.329936 
1040.01 211.686 1086.09 251.724 73 0.31715 
30.9004 2274.44 70.2155 2312.87 73 0.505157 
870.845 290.439 905.566 326.207 73 0.383059 
261.067 2247.2 298.368 2284.88 73 0.362508 
884.341 354.144 921.691 399.532 73 0.456012 
811.77 267.14 863.876 322.316 73 0.340919 
217.706 2230.39 272.132 2264.72 73 0.378438 
261.93 2282.39 295.347 2314.57 73 0.517612 
623.322 304.929 663.126 342.078 73 0.637522 
709.88 88.5637 747.981 140.927 73 0.299701 
51.8165 2073.04 82.8386 2097.38 73 0.32122 
2892.27 2195.57 2951.56 2250.11 73 0.360515 
377.046 261.539 414.905 300.911 73 0.67702 
526.306 319.74 575.265 362.684 73 0.590806 
120.125 541.454 157.802 574.504 73 0.467272 
203.013 2194.51 256.945 2244.12 73 0.394499 
2794.65 2234.42 2827.09 2273.79 73 0.320993 
2183.44 1591.2 2229.72 1623.38 73 0.298788 
5.19054 663.458 66.4295 720.221 73 0.375166 
361.533 2107.16 391.149 2134.67 73 0.343625 
643.324 116.798 682.205 154.731 73 0.417192 
40.5666 2319.06 79.8784 2354.37 73 0.404327 
847.913 272.068 890.687 311.709 73 0.563124 
275.28 159.94 317.222 207.678 73 0.358041 
2752.82 2129.85 2801.96 2179.16 73 0.395507 
87.9861 201.889 150.221 294.009 73 0.365103 
1974.56 1320.94 2031.37 1376.96 73 0.305267 
286.135 451.578 329.006 485.889 73 0.567203 
36.2519 2035.3 79.2247 2076.44 73 0.304316 
858.518 315.64 892.707 348.743 73 0.514971 
290.474 2152 338.097 2193.29 73 0.36134 
71.9065 296.366 99.6414 327.763 73 0.312223 
937.027 36.6678 979.122 69.1185 73 0.380789 
52.4622 200.826 90.4742 237.29 73 0.415916 
275.498 415.444 318.995 465.5 73 0.507458 
417.562 181.583 453.159 224.04 73 0.486775 
37.3814 594.957 76.9981 635.709 73 0.370705 
375.739 171.171 430.243 222.564 73 0.393049 
637.787 88.6263 681.463 124.151 73 0.510852 
983.59 299.829 1040.09 352.373 73 0.501996 
297.733 389.437 329.015 421.519 73 0.521975 
1572.89 1678.04 1615.01 1712.06 73 0.300887 
178.552 2196.07 214.616 2243.71 73 0.461286 
63.9374 666.151 119.241 719.522 73 0.428872 
564.965 289.579 603.398 329.792 73 0.334848 
932.877 264.745 973.488 298.558 73 0.388441 
346.702 264.204 382.708 303.816 73 0.441914 
264.52 2267.7 297.265 2298.04 73 0.391437 
310.313 313.491 370.792 363.633 73 0.352724 
1459.22 1506.48 1518.08 1563.89 73 0.377431 
74.18 2321.38 111.415 2349.75 73 0.353689 
278.594 2265.57 309.75 2292.1 73 0.307012 
321.05 2219.78 359.767 2277.95 73 0.304647 
341.095 2134.93 378.582 2173.16 73 0.46398 
23.3867 2011.99 80.6791 2068.05 73 0.355642 
2372.57 712.926 2415.33 747.847 73 0.341044 
74.1971 595.099 153.228 656.308 73 0.323988 
236.708 439.091 269.707 478.791 73 0.356462 
104.324 609.726 138.083 643.568 73 0.452385 
677.464 145.765 713.971 192.205 73 0.341858 
274.522 410.641 296.46 430.95 73 0.364911 
2706.97 2228.11 2754.61 2266.88 73 0.305239 
307.551 528.119 343.787 564.138 73 0.332907 
895.518 348.799 944.959 397.202 73 0.429661 
1702.01 1036.79 1743.62 1071.03 73 0.387063 
298.248 2267.84 330.497 2293.65 73 0.390741 
676.971 116.791 712.638 146.76 73 0.324745 
720.517 132.698 757.294 166.35 73 0.42388 
320.079 199.74 362.99 259.5 73 0.366241 
2658.27 2225.23 2706.34 2273.09 73 0.362465 
44.1764 233.992 74.0132 266.683 73 0.309824 
1621.08 2249.97 1657.11 2289.75 73 0.532658 
245.798 2069.78 285.622 2101.53 73 0.309331 
226.177 405.172 264.156 446.984 73 0.416957 
1050.89 167.797 1087.87 193.193 73 0.49626 
309.733 2115.16 340.348 2135.48 73 0.351265 
120.714 245.922 152.593 282.342 73 0.332395 
822.884 315.347 860.902 348.843 73 0.466439 
2729.44 2230.03 2767.82 2263.24 73 0.37804 
852.708 367.165 897.093 411.569 73 0.354647 
515.126 285.071 555.102 336.989 73 0.406091 
586.52 216.827 619.091 256.185 73 0.395883 
288.867 2037.55 334.84 2073.78 73 0.376931 
832.74 379.413 868.946 417.342 73 0.403235 
204.821 2246.86 268.188 2299.28 73 0.319973 
267.652 392.727 286.669 413.627 73 0.366907 
599.953 341.238 628.675 375.684 73 0.437972 
2633.21 2737.7 2746.97 2850.22 86 0.455792 
2670.46 2828.41 2709.95 2867.54 86 0.616837 
2378.2 2783.8 2440.21 2846.19 86 0.440869 
1478.93 1650.58 1499.42 1671.39 86 0.40086 
14.8446 2310.4 79.6862 2380.32 86 0.502462 
2356.64 2762.44 2462.29 2867.29 86 0.784642 
1879.13 1410.46 1901.93 1430.48 86 0.469152 
2324.98 2818.01 2384.25 2893.28 86 0.924468 
671.215 204.856 693.545 224.075 86 0.310838 
2117.23 1604.46 2169.67 1632.72 86 0.337346 
1877 1434.73 1899.23 1456.94 86 0.402928 
1.17727 2226.93 51.7079 2329.32 86 0.333349 
54.1465 2267.65 119.543 2323.83 86 0.564042 
1483.56 1569.68 1505.62 1589.33 86 0.526899 
2597.96 2830.3 2681.97 2912.54 86 0.430597 
2332.17 2587.87 2431.15 2686.06 86 0.714048 
2687.75 2865.35 2772.2 2941.1 86 0.796235 
2147.6 2790.23 2205.19 2855.83 86 0.72599 
0 498.862 44.8526 608.91 86 0.322395 
250.499 492.775 270.179 513.096 86 0.309237 
1507.06 1571.44 1530.18 1592.82 86 0.32422 
1459.59 2004.89 1535.88 2103.93 86 0.322244 
2220.97 2733.8 2275.19 2801.3 86 0.537728 
2303.09 2777.41 2420.52 2928.85 86 0.42022 
1401.86 932.949 1453.14 982.97 86 0.312739 
2387.75 2837.77 2447.39 2906.85 86 0.741973 
2257.46 2638.32 2368.95 2761.72 86 0.386436 
1705.24 981.033 1726.32 998.653 86 0.427085 
2253.29 2850.58 2341.73 2937.59 86 0.737763 
149.162 7.28133 254.007 103.639 86 0.407557 
304.76 611.536 326.116 630.815 86 0.450656 
1528.98 1575.3 1550.99 1596.34 86 0.47872 
2006.9 1066.59 2052.25 1156.7 57 0.924545 
2579.98 1211.99 2625.56 1300.45 57 0.843994 
2089.11 672.974 2119.96 742.567 57 0.814386 
1925.36 718.282 1976.79 806.393 57 0.810674 
2999.05 1101.57 3043.38 1193.1 57 0.557892 
1932.83 746.099 1965.51 799.774 57 0.349279 
2553.42 1075.59 2583.61 1154.24 57 0.649041 
1963.31 984.542 1993.01 1054.34 57 0.592118 
1543.17 1690.53 1630.24 1785.58 57 0.308823 
1781.86 950.395 1822.64 1052.82 57 0.718849 
2318.59 686.414 2431.93 762.213 57 0.58527 
2531.5 1050.11 2596.94 1159.4 57 0.449802 
1420.73 1460.32 1510.79 1532.98 57 0.337058 
37.1357 2478.24 117.7 2567.15 57 0.468885 
218.135 423.382 320.506 507.244 57 0.413478 
301.409 376.342 356.083 474.125 57 0.351943 
1964.29 1026.88 1985.24 1064.08 57 0.348673 
171.142 471.077 199.869 506.528 57 0.389111 
1471.72 1532.91 1543.93 1619.14 57 0.321023 
2569.86 1210.21 2675.96 1317.23 57 0.477328 
1875.37 731.367 1969.43 827.977 57 0.527119 
2230.72 779.838 2285.3 829.635 89 0.438354 
2002.34 756.84 2054.83 793.61 89 0.3507 
1789 1140.42 1843.79 1186.73 89 0.468551 
2235.31 1773.27 2269.34 1828.32 89 0.38489 
1982.5 659.944 2037.95 702.207 89 0.473765 
2037.06 1421.61 2085.69 1472.52 89 0.353809 
2387.49 790.592 2432.78 825.489 89 0.408413 
2775.48 831.926 2822.33 879.122 89 0.505272 
2454.22 1458.94 2510.05 1512.11 89 0.30696 
2428.63 2212.78 2483.36 2265.86 89 0.378029 
2639.38 1252.55 2693.96 1285.66 89 0.502106 
390.032 434.457 448.076 480.199 89 0.364336 
2116.07 1600.62 2170.75 1643.94 89 0.477508 
1687.61 1705.33 1732.54 1747.09 89 0.498491 
2127.67 1524.55 2178.72 1568.8 89 0.415847 
1824.34 1731.65 1855.42 1773.46 89 0.324052 
2430.13 790.941 2458.41 819.716 89 0.312597 
2492.95 1338.8 2526.84 1374.37 89 0.361773 
2004.8 1676.86 2058.64 1731.32 89 0.63064 
2021.58 1573.74 2072.15 1639.43 89 0.349956 
2521.48 1391.69 2566.25 1425.31 89 0.347254 
1837.34 642.235 1892.85 683.389 89 0.412971 
2496.95 1221.26 2543.32 1253.58 89 0.306879 
1896.77 664.386 1935.49 697.75 89 0.389164 
1474.58 1375.36 1529.4 1431.5 89 0.388222 
1848.03 1139.15 1893 1175.11 89 0.3407 
1940.85 1572.18 1996.27 1627.34 89 0.458113 
2196.29 2270.75 2280.56 2349.46 89 0.516902 
2433.16 1805.29 2480.4 1841.52 89 0.364249 
2110.41 2286.74 2162.69 2333.94 89 0.414409 
1529.75 1460.24 1599.85 1522.83 89 0.527343 
1831.13 1646.06 1883.67 1693.93 89 0.49881 
2369.98 1529.56 2441.87 1596.42 89 0.332454 
1926.74 1659.42 1983.35 1713.63 89 0.652959 
2061.68 1180.14 2114.12 1223.9 89 0.425218 
2239.18 1608.88 2291.67 1652.94 89 0.364821 
2015.45 1491.29 2090.82 1551.88 89 0.670848 
1456.43 1558.19 1505.54 1601.12 89 0.375159 
2387.76 2245.78 2444.53 2296.64 89 0.508604 
294.192 324.366 384.559 400.458 89 0.366133 
2033.27 1498.56 2078.69 1538.71 89 0.302978 
1686.76 1631.01 1739.67 1677.66 89 0.863645 
2160.54 2280.42 2211.99 2325.31 89 0.582478 
1968.42 655.771 2071.53 720.209 89 0.857089 
1973.59 1398.35 2026.82 1444.11 89 0.374468 
2612.28 1225.79 2715.85 1309.55 89 0.555025 
2310.52 1788.28 2365.51 1841.65 89 0.692237 
2156.4 1381.9 2202.7 1413.87 89 0.34009 
1479.4 1553.22 1565.98 1612.72 89 0.303035 
1913.51 659.649 1947.37 693.575 89 0.305833 
1074.78 2692.56 1110.39 2730.66 89 0.359237 
2005.12 731.828 2057.7 781.459 89 0.322189 
2504.85 1336.17 2547.44 1371.39 89 0.340212 
2294.96 2269.65 2348.34 2318.44 89 0.333029 
2438.35 1348.95 2492.84 1410.77 89 0.375805 
2624.91 973.7 2675.04 1020.55 89 0.41088 
2340.81 780.53 2394.76 829.569 89 0.484003 
1591.59 2302.9 1626.6 2352.63 89 0.313722 
2100.1 1677.64 2155.81 1730.16 89 0.355548 
2446.48 785.234 2483.98 819.378 89 0.36199 
1975.47 1324.01 2030.31 1377.93 89 0.356075 
2225.06 1687.21 2277.71 1735.76 89 0.415361 
1767.11 1554.66 1819.89 1606.39 89 0.322267 
2210.56 1763.55 2287.79 1833.02 89 0.336604 
1837.19 658.792 1880.03 695.663 89 0.368357 
2701.99 828.231 2736.63 875.847 89 0.383467 
2756.16 825.604 2835.07 912.984 89 0.563255 
2368.3 1694.04 2421.38 1743.34 89 0.634779 
2663.39 1567.5 2706.54 1620.91 89 0.469501 
2063.47 1149.74 2118.12 1196.69 89 0.354058 
2960.25 1664.31 3005.44 1697.98 89 0.434534 
1700.71 1535.95 1753.14 1581.58 89 0.424051 
1878.83 722.887 1962.86 794.23 89 0.60438 
2358.86 778.33 2453.31 842.796 89 0.756293 
2040.58 1333.67 2093.16 1377.65 89 0.359644 
1987.01 736.307 2067.71 811.059 89 0.674821 
2990.65 1458.2 3042.81 1515.31 89 0.437714 
2768.2 850.101 2822.83 898.522 89 0.624044 
2103.15 2554.91 2187.67 2610.31 89 0.307062 
1163.52 2434.43 1235.67 2507.3 89 0.507576 
2499.13 1376.6 2578.7 1438.27 89 0.724297 
2554.92 1718.8 2612.8 1782.51 89 0.662769 
2469.46 2078.29 2525.63 2124.69 89 0.378788 
2104.32 2184 2158.16 2227.47 89 0.353069 
1913.03 1727.15 1984.47 1793.08 89 0.646087 
4.32466 654.589 38.183 713.581 89 0.301522 
2000.67 1773.68 2047.5 1804.86 89 0.305925 
370.627 424.669 471.575 497.806 89 0.427817 
42.3409 2162.21 124.133 2261.15 89 0.307612 
1438.96 1637.39 1513.69 1700.4 89 0.335043 
2039.35 747.782 2133.5 817.724 89 0.384893 
1443.48 1468.58 1512.12 1532.2 89 0.554803 
874.691 297.426 926.754 350.283 89 0.329973 
2336.44 2243.28 2387.99 2285.16 89 0.336661 
1533.84 1382.53 1607.78 1456.98 89 0.466609 
2264.99 2137.02 2315.97 2180.28 89 0.400065 
2338.62 849.693 2421.27 919.567 89 0.708943 
2214.82 2299.84 2268.83 2351.77 89 0.582167 
1936.68 734.323 2030.1 821.286 89 0.414554 
2348.09 2269.33 2392.12 2302.62 89 0.299485 
2177.92 1618.71 2238.52 1630.61 89 0.300624 
1823.14 723.46 1876.43 773.916 89 0.664003 
1773.44 1637.29 1811.27 1673.69 89 0.344733 
2125.97 755.974 2153.17 786.718 89 0.372546 
327.587 2033.85 384.241 2078.52 76 0.317142 
1476.9 1373.15 1531.89 1435.65 76 0.447921 
615.904 410.066 651.177 441.924 76 0.34956 
1853.07 2246.34 1908.62 2295.05 76 0.502588 
358.657 1976.82 442.382 2042.04 76 0.390322 
270.286 579.355 355.699 660.817 76 0.308712 
1458.13 1473.15 1510.94 1520.84 76 0.419866 
2368.61 1521.64 2452.85 1602.38 76 0.339216 
101.801 335.074 186.489 410.1 76 0.36972 
1542.62 1404.64 1597.08 1454.97 76 0.336396 
1534.91 1469.12 1592.57 1521.82 76 0.622297 
1454.59 1554.68 1513.36 1611.99 76 0.481723 
2445.81 1709.07 2499.18 1760.77 76 0.329409 
889.961 155.2 942.932 206.137 76 0.313662 
1354.54 1630.14 1407.78 1678.81 76 0.344585 
2377.32 1457.02 2419.51 1508.76 76 0.34677 
1426.66 1462.07 1476.58 1511.25 76 0.697637 
1449.15 1647.94 1503 1694.33 76 0.411492 
715.806 153.229 769.284 205.836 76 0.37641 
314.455 2212.62 373.71 2293.3 76 0.332828 
13.3966 703.708 64.2731 756.569 76 0.341985 
1961.16 1307.22 2043.88 1392.52 76 0.324751 
30.662 315.015 72.7063 350.25 76 0.363795 
2298.13 2336.08 2342.45 2369.29 76 0.438951 
163.733 27.4002 243.521 90.6005 76 0.305732 
3018.62 919.079 3080.18 976.371 76 0.31394 
950.157 282.014 1006.22 336.257 76 0.42341 
1955.98 1395.88 2037.7 1460.93 76 0.301984 
2.4986 658.104 73.8244 759.126 76 0.357966 
840.45 259.477 894.276 310.244 76 0.399991 
282.087 588.65 334.903 637.832 76 0.559201 
2226.07 1690.87 2282.26 1745.46 76 0.29934 
767.051 212.188 807.676 244.488 76 0.326965 
1500.34 1555.63 1559.35 1603.97 76 0.492374 
2458.5 1462.26 2514.14 1511.69 76 0.320879 
8.81574 340.663 95.7215 419.614 76 0.366722 
1436.63 1631.69 1519.42 1712.05 76 0.404007 
1550.18 1574.1 1589.7 1611.46 76 0.589752 
476.034 268.613 565.895 350.494 54 0.332216 
446.892 281.687 538.628 383.424 54 0.323697 
2876.69 2173.51 2960.45 2267.58 54 0.309673 
1780.45 954.844 1882.77 1050.66 54 0.492314 
2759.13 2171.08 2816.28 2241.29 54 0.317517 
559.54 269.88 629.977 347.425 54 0.319979 
2806.13 2156.77 2902.58 2250.18 54 0.33548 
2880.55 2128.9 2961.22 2216.16 54 0.406625 
2770.38 641.198 2868.28 737.713 54 0.370354 
637.168 128.57 729.585 222.609 54 0.457797 
1876.9 968.314 1978.3 1050.5 54 0.342263 
1960.7 1313.06 2040.33 1389.53 94 0.379275 
377.524 262.74 412.365 296.404 94 0.333268 
2972.72 1502.35 3068.7 1597.47 94 0.357327 
347.598 265.736 381.467 299.989 94 0.303521 
2915.35 2147.25 2965.96 2194.08 94 0.60735 
2972.6 1020.04 3011.88 1071.53 94 0.481127 
1026.99 137.103 1070.19 166.483 94 0.336927 
2500.39 1460.55 2572.52 1532.32 94 0.358538 
1513.71 1559.09 1553.01 1600.28 94 0.322262 
1768.08 1125.04 1849.13 1204.35 94 0.429453 
2245.07 1344.07 2316.19 1420.49 94 0.627607 
1684.79 1233.38 1725.07 1270.27 94 0.347201 
1714.28 1154.24 1804.27 1252.23 94 0.44673 
969.236 287.85 1050.07 371.456 94 0.318466 
1570.87 2258.83 1618.33 2302.63 94 0.561582 
2262.38 1355.46 2304.24 1401.3 94 0.317745 
1870.89 1492.07 1902.47 1522.69 94 0.57921 
1859.28 1379.76 1921.33 1471.18 94 0.479534 
676.396 1906.26 747.767 1990.27 94 0.338047 
1695.53 1521.19 1759.85 1596.21 94 0.313456 
795.373 688.764 832.041 726.96 94 0.30856 
1671.24 1226.05 1732.9 1298.1 94 0.659785 
2116.11 1592.05 2171.05 1633.81 94 0.442191 
1407.47 941.635 1454.51 986.863 94 0.30216 
727.671 2135.05 762.359 2177.79 94 0.460937 
1419.31 955.682 1469.11 1006.01 94 0.338362 
2880.35 2130.54 2967.1 2207.13 94 0.492005 
180.422 136.586 302.46 235.806 94 0.341486 
1898.78 2863.07 1941.77 2913.14 94 0.652024 
760.495 215.443 799.848 250.547 94 0.645311 
2229.33 2908.91 2279.05 2930.19 94 0.306623 
579.126 327.549 619.348 363.507 94 0.480658 
1632.71 2186.58 1665.35 2240.76 49 0.620023 
1544.52 131.522 1600.88 179.489 49 0.512485 
2326.88 536.31 2358.96 591.112 49 0.748855 
2676.75 1554.19 2765.34 1655.12 49 0.340302 
2825.1 485.373 2856.67 578.132 49 0.547233 
2938.06 595.364 2969.9 661.567 49 0.487284 
2660.1 1565.54 2718.49 1626.69 49 0.33636 
2699.08 1577.7 2806.64 1647.44 49 0.436031 
2314.55 784.997 2346.63 837.557 49 0.299923 
1584.75 235.293 1636.9 284.707 49 0.490571 
2422.79 605.636 2458.48 683.361 49 0.38579 
1522.3 134.316 1637.53 193.928 49 0.4466 
1827.57 1128.52 1908 1203.63 77 0.307541 
1607.01 2254.94 1722.03 2363.58 77 0.33144 
999.396 151.708 1092.64 249.389 77 0.314847 
971.267 205.671 1043.45 291.532 77 0.357979 
1458 2020.88 1521.32 2090.2 77 0.41989 
2895.79 2195.15 2947.68 2250.46 77 0.326678 
2083.56 1757.29 2140.29 1818.38 77 0.361102 
0 65.405 81.4681 146.015 77 0.339758 
2255.63 1512.04 2360.43 1588.94 77 0.404092 
646.428 375.399 708.543 440.569 77 0.446938 
1779.29 1128.39 1860.45 1197.86 77 0.316035 
1982.26 1316.96 2034.64 1384.58 77 0.301195 
309.576 147.538 372.075 199.865 77 0.318526 
514.466 87.9819 621.797 196.786 77 0.305153 
57.8904 669.708 226.426 839.308 77 0.329859 
635.978 2190.16 741.8 2296.96 77 0.355307 
1939.57 1566.04 1996.69 1629.85 77 0.324929 
630.646 332.738 697.657 384.836 77 0.35751 
183.934 145.467 287.24 252.387 77 0.302222 
2897.43 700.128 2961.73 747.486 77 0.316809 
1593.41 1251.89 1657.81 1331.62 77 0.32881 
3004.71 1511.92 3063.58 1581.7 77 0.333119 
2302.31 1349.4 2381.73 1424.37 77 0.337204 
2015.05 1578.83 2072.46 1630.81 77 0.321371 
2356.41 1351.84 2459.34 1437.28 77 0.355863 
255.962 145.153 339.221 222.401 77 0.326671 
369.035 444.892 490.025 561.975 77 0.337269 
2195.13 1422.23 2293.2 1501.56 77 0.323205 
1547.26 1879.03 1609.93 1930.51 77 0.360277 
928.677 177.151 981.077 229.497 77 0.350667 
312.43 2225.39 371.216 2281.22 77 0.375486 
862.771 1837.06 923.521 1920.79 77 0.333092 
78.2649 2352.13 140.324 2412.92 77 0.385673 
1488.34 1838.46 1548.37 1903.79 77 0.354251 
767.198 2233.46 856.083 2329.06 77 0.399829 
989.395 189.882 1095.49 289.218 77 0.307226 
219.308 1.39859 345.193 87.5391 77 0.381232 
1908.67 1480.81 2010.39 1559.33 77 0.308645 
1884.12 1040.64 2029.61 1167.05 77 0.3093 
10.3277 2490.55 62.235 2557.23 77 0.38824 
2105.72 2566.9 2182.14 2604.62 77 0.298802 
1787.88 1220.89 1925.54 1363.12 74 0.646865 
1508.69 1102.64 1614.71 1218.27 74 0.669236 
1455.09 2780.02 1598.16 2932.71 74 0.878149 
1758.29 2337.83 1888.18 2456.31 74 0.784028 
853.539 199.096 954.199 296.511 74 0.364571 
1663.73 1345.63 1847.28 1491.89 74 0.888471 
1442.7 2018.4 1530.32 2092.95 74 0.570333 
1467.26 1038.32 1588.4 1157.58 74 0.473493 
2775.09 681.05 2862.42 746.535 74 0.395846 
1535.34 1962.77 1653.39 2070.64 74 0.441099 
1084.41 2551.37 1209.73 2686.45 74 0.625944 
2253.22 2851.17 2344.51 2933.86 74 0.606468 
1463.18 1896.32 1512.61 1999.46 74 0.450185 
319.695 2217.08 368.828 2287.1 74 0.328005 
1499.52 1909.72 1626.8 2002.55 74 0.400538 
199.075 2249.04 274.555 2309.09 74 0.318985 
346.266 5.88191 445.846 51.7946 74 0.354663 
226.548 0.243572 329.79 96.0806 74 0.384722 
0 2147.37 56.3659 2218.67 74 0.333432 
81.7421 422.342 191.522 512.033 74 0.32703 
634.802 369.093 720.517 446.123 74 0.766532 
631.634 210.375 741.207 327.997 74 0.481826 
2994.41 1506.48 3071.42 1596.79 74 0.394434 
954.596 58.4155 1039.26 157.456 74 0.4297 
65.734 2342.33 149.748 2419.84 74 0.518259 
235.774 142.139 323.229 219.844 74 0.652177 
1539.6 2891.56 1637.1 2930.84 74 0.895753 
620.732 324.075 708.264 392.077 74 0.471309 
1712.34 1236.47 1808.72 1342.97 74 0.388437 
730.164 57.392 826.094 169.292 74 0.327575 
2629.87 2186.76 2687.39 2245.94 74 0.401493 
473.611 278.462 530.696 340.18 74 0.50827 
2646.6 2751.29 2729.99 2835.05 74 0.464615 
1704.39 2067.31 1802.11 2187.11 74 0.448803 
32.1932 575.812 84.0625 626.838 74 0.325702 
2335.89 2593.01 2424.37 2683.22 74 0.498176 
2387.68 2662.61 2507.58 2773.45 74 0.527417 
2372.78 2832.06 2458.71 2913.01 74 0.506355 
1492.16 1837.97 1554.07 1904.44 74 0.419835 
1595.22 2259.88 1719.31 2362.32 74 0.443808 
2491.04 2596.95 2596.58 2705.23 74 0.622535 
2242.99 1607.81 2318.12 1629.46 74 0.401009 
379.26 450.597 490.266 597.33 74 0.340576 
315.742 181.656 367.616 276.424 74 0.314577 
165.569 26.4738 242.225 85.7404 74 0.31025 
1609.46 1248.18 1626.77 1352.02 74 0.494193 
2694.1 2872.52 2765.71 2936.18 74 0.300471 
370.441 176.66 422.059 224.069 74 0.340414 
192.065 2190.72 280.207 2270.69 74 0.356381 
2798.68 1402.9 2969.83 1590.42 74 0.838125 
1776.99 1238.66 1831.63 1330.98 74 0.598361 
566.133 534.399 692.282 642.382 74 0.516683 
1520.25 2145.34 1619 2276.58 74 0.572027 
2591.14 2829.67 2685.48 2917.84 74 0.3694 
2071.8 1745.89 2154.22 1831.76 74 0.349571 
176.486 2073.96 292.751 2172.59 74 0.70113 
2829.9 2119.71 2887.12 2225.62 74 0.325602 
311.388 314.701 371.924 362.942 74 0.302501 
286.935 2022.42 345.106 2069.99 74 0.356152 
2594.02 1390.73 2738.6 1538.6 74 0.513534 
2100.52 2551.74 2186.75 2616.93 74 0.715426 
2882.13 2144.33 2929.58 2197.36 74 0.501316 
72.236 717.816 210.018 830.803 74 0.392937 
299.02 138.316 384.556 206.678 74 0.491527 
2044.66 2737.72 2133.58 2815.95 74 0.722741 
76.9753 284.387 169.994 365.318 74 0.302451 
830.066 337.641 874.18 378.438 74 0.32776 
1699.2 2198.85 1823.82 2311.1 74 0.620581 
0 2479.44 75.4667 2560.1 74 0.783779 
1924.99 1558.54 2009.62 1637.74 74 0.386119 
1945.33 2788.02 2080.67 2900.13 74 0.425847 
815.306 313.675 873.86 367.286 74 0.436027 
2827.94 2741.76 2951.51 2896.31 74 0.438081 
1459.41 1544.21 1502.41 1616.26 74 0.446433 
1595.44 1215.27 1629.48 1336.45 74 0.437941 
897.434 303.907 982.56 377.73 74 0.451503 
2281.83 2789.84 2420.39 2924.97 74 0.495961 
2236.26 1421.98 2323.38 1499.76 74 0.309077 
621.473 286.219 682.171 347.243 74 0.376049 
1796.13 1291.96 1918.09 1346.58 74 0.422605 
809.779 256.289 865.2 327.779 74 0.312852 
410.668 664.394 592.882 845.635 74 0.41947 
1810.21 1238.88 1871.12 1335.77 74 0.598155 
2750.68 2574.19 2846.21 2640.2 74 0.764795 
1399.07 1911.35 1454.96 1972.85 74 0.382352 
2215.42 1588 2322.17 1630.6 74 0.299349 
1763.7 2644.02 1841.48 2741.76 74 0.333641 
1535.58 1876.91 1623.54 1931.07 74 0.420283 
2285.26 1606.11 2358.04 1629.84 74 0.42748 
269.509 2204.72 328.667 2271.78 74 0.397246 
638.868 1532.72 786.817 1666.73 74 0.67239 
557.411 470.061 673.423 570.153 74 0.463146 
246.959 154.674 289.675 207.709 74 0.379736 
2784.95 2103.82 2906.37 2241.17 74 0.814246 
2179.09 1608.39 2252.62 1629.75 74 0.304197 
2191.27 2787.51 2296.59 2910.62 74 0.611923 
338.799 0 469.542 93.8483 74 0.38464 
28.3702 469.209 85.3989 564.184 74 0.325503 
1276.09 0 1388.3 43.2806 45 0.676489 
2891.7 700.594 2967.44 747.246 45 0.335574 
10.0385 505.977 45.7899 589.043 45 0.315208 
1708.64 2063.51 1811.69 2191.38 45 0.454767 
1513.21 1916.81 1643.8 2064.82 45 0.384167 
1705.47 2200.82 1832.39 2305.12 45 0.307093 
1924.7 2197.87 1979.97 2248.15 45 0.482309 
353.541 0 468.559 62.1811 45 0.425036 
1052.59 346.557 1165.23 460.21 45 0.333411 
2828.13 512.354 2857.99 557.966 45 0.566062 
2960.46 2084.39 2994.28 2140.41 45 0.33254 
2955.35 586.828 3056.94 674.477 45 0.518058 
2940.36 2187.25 3000.04 2244 45 0.339152 
1362.37 891.547 1416.93 955.585 45 0.379546 
1222.79 0 1328.39 44.2083 45 0.747745 
824.152 680.743 935.897 759.521 45 0.304201 
328.929 1085.34 447.492 1162.11 45 0.626449 
2240.23 711.172 2294.03 741.326 50 0.442375 
2680.19 1564.08 2714.24 1627.99 50 0.740926 
1445.81 1905.99 1517 1990.57 50 0.643007 
2704.67 1569.05 2740.23 1638.36 50 0.849629 
1504.27 1915.69 1613.38 2005.5 50 0.426055 
1784.4 1137.06 1846.44 1181.11 50 0.446867 
1662.64 1891.1 1718.89 1941.53 50 0.894979 
2884.52 689.844 2971.36 758.98 50 0.354106 
2727.15 1577.11 2768.86 1634.03 50 0.817166 
1554.26 137.757 1595.01 170.507 50 0.624552 
344.742 6.05239 473.244 52.698 50 0.403378 
2501.01 2218.17 2547.05 2253.38 50 0.424586 
2996.23 1456.84 3038.66 1513.3 50 0.512871 
3039.43 2130.3 3075.96 2184.72 50 0.438556 
1481.81 1834.56 1559.22 1902.89 50 0.326277 
2944.85 2191.53 2998.49 2243.01 50 0.629791 
2243.17 697.356 2298.71 727.332 50 0.332567 
1843.4 1165.02 1888.51 1196.9 50 0.385229 
205.217 2259.44 264.79 2302.54 50 0.499165 
2272.73 618.253 2357.54 685.036 50 0.523947 
1397.08 935.096 1470.02 1003.7 50 0.465803 
1562.36 1708.6 1601.67 1793.18 50 0.432929 
2779.97 682.134 2867.66 747.689 50 0.524714 
2065 1153.53 2115.65 1193.78 50 0.311279 
2.293 2243.16 39.6279 2315.69 50 0.618549 
1703.71 1038 1751.38 1081.12 50 0.54157 
2922.58 1032.53 2969.78 1065.76 50 0.725475 
2506.39 1471.31 2547.84 1519.69 50 0.480012 
1364.83 886.694 1395.38 916.44 50 0.342604 
700.648 75.5184 746.899 137.38 50 0.328391 
2647.62 1552.86 2735.46 1630.85 50 0.426904 
2743.26 1578.97 2790.51 1636.13 50 0.67697 
2657.89 1567.7 2688.13 1615.94 50 0.62778 
2236.85 775.181 2279.38 809.763 50 0.410981 
198.42 2235.11 276.494 2317.33 50 0.304423 
415.426 183.213 455.303 223.396 50 0.337673 
2679.66 1563.26 2763.05 1660.49 50 0.378604 
456.544 277.334 544.241 340.175 50 0.300214 
2242.95 791.339 2281.79 822.429 50 0.418625 
3.67259 198.292 51.3659 299.064 50 0.352861 
1983.71 1325.25 2033.57 1381.5 50 0.325626 
2621.35 2146.68 2676.03 2190.85 50 0.506727 
2855.61 706.449 2897.11 752.091 50 0.667269 
1540.41 117.163 1607.82 183.068 50 0.302503 
1784.46 1564.42 1819.67 1616.39 50 0.674805 
524.678 2.39871 577.154 20.0228 50 0.604545 
481.891 242.882 525.702 284.514 50 0.349301 
2954.45 2091.53 2997.58 2145.63 50 0.499336 
1850.19 2246.14 1895.77 2290.92 50 0.331726 
2722.42 2113.12 2801.04 2192.63 50 0.376139 
1.33345 209.83 25.2344 309.494 50 0.329847 
2855.25 688.817 2878.66 724.931 50 0.427911 
1604.58 1238.62 1643.38 1328.35 50 0.565108 
1545.4 1862.89 1612.35 1926.39 50 0.561556 
2384.28 1539.62 2418.23 1585.24 50 0.319461 
2867.91 1014.37 2922.99 1053.37 50 0.332204 
2576.76 2151.02 2604.41 2178.74 50 0.489933 
519.195 263.745 558.289 337.068 50 0.711489 
2481.26 2073.91 2535.23 2118.82 50 0.523827 
2753.19 1606.08 2784.53 1640.78 50 0.354877 
1804.87 2171.25 1857.38 2205.81 50 0.501883 
1766.59 1552.03 1813.28 1606.69 50 0.39845 
1930.99 663.805 1969.78 699.809 50 0.327884 
416.654 6.10887 471.812 35.646 50 0.73438 
2848.19 676.166 2885.47 753.949 50 0.528765 
2880.17 2197.77 2915.14 2260.41 50 0.308232 
1404.22 1911.01 1452.84 1957.9 50 0.429236 
933.419 35.7052 990.763 75.2876 50 0.326368 
2942.68 2072.07 3014.49 2162.68 50 0.363439 
411.957 0.43848 501.564 50.9651 50 0.413823 
2501.33 2232.46 2554.08 2276.6 50 0.369395 
2923.98 1017.27 2968.4 1045.19 50 0.660188 
2585.78 2149.47 2619.11 2181.68 50 0.425622 
2583.79 1433.69 2625.74 1526.76 50 0.434032 
1571.4 234.92 1646.23 299.916 50 0.304756 
2.26374 566.173 54.929 627.175 50 0.407682 
